#Species name here:
Model_1.0_mod0.17.dat
#SSL Species?
1
#Constant buffer of Dorn?
0
#Number of fisheries?
1
#Number of sexes?
1
#5year_Average_F(endyr-4,endyr_as_estimated_by_ADmodel)
0.0893414
#_Author_F_as_fraction_F_40%
1
#ABC SPR
0.4
#MSY SPR
0.35
#_Spawn_month
10.5
#_Number_of_ages
12
#_F_ratio(must_sum_to_one_only_one_fishery)
1
#_Natural_Mortality 1 2 3 4 5 6 7 8 9 10 11 12
 0.23 0.23 0.23 0.23 0.23 0.23 0.23 0.23 0.23 0.23 0.23 0.23 
#_Maturity_divided_by_2(projection_program_uses_to_get_female_spawning_biomass_if_divide_by_2 1 2 3 4 5 6 7 8 9 10 11 12
 0.144853 0.624337 1.45024 1.87755 1.97781 1.99615 1.99934 1.99989 1.99998 2 2 2
#_Wt_at_age_spawners 1 2 3 4 5 6 7 8 9 10 11 12
 0.051 0.0884 0.134 0.195 0.2612 0.328 0.4184 0.5344 0.6814 0.8426 1.0705 1.4589
#_Wt_at_age_fishery 1 2 3 4 5 6 7 8 9 10 11 12
 0.0112115 0.0217345 0.179417 0.179019 0.201039 0.232173 0.265505 0.322678 0.322678 0.528409 0.88 1.115
 0.0118784 0.0336744 0.192041 0.269199 0.304315 0.395638 0.482152 0.587166 0.753779 0.765779 1.14947 2.17538
 0.0332 0.1456 0.346 0.6214 0.95 1.31 1.682 2.0506 2.405 2.739 3.0466 3.3266
 0.0528406 0.106394 0.29211 0.302157 0.362105 0.430716 0.537874 0.626811 0.735676 0.834604 1.26696 1.34167
#
#_Selectivity_fishery_scaled_to_max_at_one 1 2 3 4 5 6 7 8 9 10 11 12
 0.811722 1 0.650746 0.89386 0.91438 0.83089 0.740335 0.666448 0.626826 0.626826 0.626826 0.626826
#_Numbers_at_age_end_year 1 2 3 4 5 6 7 8 9 10 11 12
 20171.6 11618.5 21101.8 6823.05 3153.09 2430.62 1287.35 1141.79 463.037 536.661 250.137 232.003
#_N_recruitment_years (not including last estimate)
41
#_Recruitment_start_at_1977_yearclass=1978_for_age_1_recruits 1978 1979 1980 1981 1982 1983 1984 1985 1986 1987 1988 1989 1990 1991 1992 1993 1994 1995 1996 1997 1998 1999 2000 2001 2002 2003 2004 2005 2006 2007 2008 2009 2010 2011 2012 2013 2014 2015 2016 2017 2018
 21983.1 22053.2 22983.8 27982.4 32548.8 26763.4 43489.5 52564.4 28975.2 27140.8 32353 28107.2 30558.3 21167.9 21831.1 15407.2 14445.1 18921.7 21024.7 28443.8 27010.5 31906.9 32926 21803.5 14867 8379.04 8572.74 6658.81 6838.55 4674.51 4203.7 7626.44 9643.55 5211.9 8851.69 6843.1 9051.86 8497.72 14008 33982.2 14692.4
#_Spawning biomass 
 10.6062 10.2894 9.96406 9.7828 9.66575 9.53837 9.48027 9.60986 9.9483 10.2669 10.4973 10.881 10.9202 10.2631 10.3576 10.3101 10.7208 12.0752 13.3441 13.7017 13.4718 13.1164 12.4665 11.6097 10.7264 9.12723 6.76099 4.832 3.65549 3.72373 4.49914 5.55618 6.29812 6.96508 7.27016 6.93488 6.21303 5.19529 3.97262 2.99756 2.10305 1.72808 1.81673 2.06826 2.36196 2.68657 3.01861 3.3902 3.91541 4.8214
