./amak -nox -iprint 50 
3 0 2
 2.36984 2.36984 2.36984 2.36984 2.36984 2.36984 2.36984 2.36984 2.36984 2.36984 2.36984
 2.36984 2.36984 2.36984 2.36984 2.36984 2.36984 2.36984 2.36984 2.36984 2.36984 2.36984
 2.36984 2.36984 2.36984 2.36984 2.36984 2.36984 2.36984 2.36984 2.36984 2.36984 2.36984
 2.36984 2.36984 2.36984 2.36984 2.36984 2.36984 2.36984 2.36984 2.36984 2.36984 2.36984
 2.36984 2.36984 2.36984 2.36984 2.36984 2.36984 2.36984 2.36984 2.36984 2.36984 2.36984
 2.36984 2.36984 2.36984 2.36984 2.36984 2.36984 2.36984 2.36984 2.36984 2.36984 2.36984
 2.36984 2.36984 2.36984 2.36984 2.36984 2.36984 2.36984 2.36984 2.36984 2.36984 2.36984
 2.36984 2.36984 2.36984 2.36984 2.36984 2.36984 2.36984 2.36984 2.36984 2.36984 2.36984
 2.36984 2.36984 2.36984 2.36984 2.36984 2.36984 2.36984 2.36984 2.36984 2.36984 2.36984
 2.36984 2.36984 2.36984 2.36984 2.36984 2.36984 2.36984 2.36984 2.36984 2.36984 2.36984
 2.36984 2.36984 2.36984 2.36984 2.36984 2.36984 2.36984 2.36984 2.36984 2.36984 2.36984
 2.36984 2.36984 2.36984 2.36984 2.36984 2.36984 2.36984 2.36984 2.36984 2.36984 2.36984
 2.36984 2.36984 2.36984 2.36984 2.36984 2.36984 2.36984 2.36984 2.36984 2.36984 2.36984
 2.36984 2.36984 2.36984 2.36984 2.36984 2.36984 2.36984 2.36984 2.36984 2.36984 2.36984
 2.36984 2.36984 2.36984 2.36984 2.36984 2.36984 2.36984 2.36984 2.36984 2.36984 2.36984
 2.36984 2.36984 2.36984 2.36984 2.36984 2.36984 2.36984 2.36984 2.36984 2.36984 2.36984
 2.36984 2.36984 2.36984 2.36984 2.36984 2.36984 2.36984 2.36984 2.36984 2.36984 2.36984
 2.36984 2.36984 2.36984 2.36984 2.36984 2.36984 2.36984 2.36984 2.36984 2.36984 2.36984
 2.36984 2.36984 2.36984 2.36984 2.36984 2.36984 2.36984 2.36984 2.36984 2.36984 2.36984
 2.36984 2.36984 2.36984 2.36984 2.36984 2.36984 2.36984 2.36984 2.36984 2.36984 2.36984
 2.36984 2.36984 2.36984 2.36984 2.36984 2.36984 2.36984 2.36984 2.36984 2.36984 2.36984
 2.36984 2.36984 2.36984 2.36984 2.36984 2.36984 2.36984 2.36984 2.36984 2.36984 2.36984
 2.36984 2.36984 2.36984 2.36984 2.36984 2.36984 2.36984 2.36984 2.36984 2.36984 2.36984
 2.36984 2.36984 2.36984 2.36984 2.36984 2.36984 2.36984 2.36984 2.36984 2.36984 2.36984
 2.36984 2.36984 2.36984 2.36984 2.36984 2.36984 2.36984 2.36984 2.36984 2.36984 2.36984
 2.36984 2.36984 2.36984 2.36984 2.36984 2.36984 2.36984 2.36984 2.36984 2.36984 2.36984
 2.36984 2.36984 2.36984 2.36984 2.36984 2.36984 2.36984 2.36984 2.36984 2.36984 2.36984
 2.36984 2.36984 2.36984 2.36984 2.36984 2.36984 2.36984 2.36984 2.36984 2.36984 2.36984
 2.36984 2.36984 2.36984 2.36984 2.36984 2.36984 2.36984 2.36984 2.36984 2.36984 2.36984
 2.36984 2.36984 2.36984 2.36984 2.36984 2.36984 2.36984 2.36984 2.36984 2.36984 2.36984
 2.36984 2.36984 2.36984 2.36984 2.36984 2.36984 2.36984 2.36984 2.36984 2.36984 2.36984
 2.36984 2.36984 2.36984 2.36984 2.36984 2.36984 2.36984 2.36984 2.36984 2.36984 2.36984
 2.36984 2.36984 2.36984 2.36984 2.36984 2.36984 2.36984 2.36984 2.36984 2.36984 2.36984
 2.36984 2.36984 2.36984 2.36984 2.36984 2.36984 2.36984 2.36984 2.36984 2.36984 2.36984
 2.36984 2.36984 2.36984 2.36984 2.36984 2.36984 2.36984 2.36984 2.36984 2.36984 2.36984
 2.36984 2.36984 2.36984 2.36984 2.36984 2.36984 2.36984 2.36984 2.36984 2.36984 2.36984
 2.36984 2.36984 2.36984 2.36984 2.36984 2.36984 2.36984 2.36984 2.36984 2.36984 2.36984
 2.36984 2.36984 2.36984 2.36984 2.36984 2.36984 2.36984 2.36984 2.36984 2.36984 2.36984
 2.36984 2.36984 2.36984 2.36984 2.36984 2.36984 2.36984 2.36984 2.36984 2.36984 2.36984
 2.36984 2.36984 2.36984 2.36984 2.36984 2.36984 2.36984 2.36984 2.36984 2.36984 2.36984
 2.36984 2.36984 2.36984 2.36984 2.36984 2.36984 2.36984 2.36984 2.36984 2.36984 2.36984
 2.36984 2.36984 2.36984 2.36984 2.36984 2.36984 2.36984 2.36984 2.36984 2.36984 2.36984
 2.36984 2.36984 2.36984 2.36984 2.36984 2.36984 2.36984 2.36984 2.36984 2.36984 2.36984
