#Species name here:
ebswp_pm_2023.dat
#SSL Species?
1
#Constant buffer of Dorn?
0
#Number of fisheries?
1
#Number of sexes?
1
#5year_Average_F(endyr-4,endyr_as_estimated_by_ADmodel)
0.217797
#_Author_F_as_fraction_F_40%
1
#ABC SPR
0.4
#MSY SPR
0.35
#_Spawn_month
3.5
#_Number_of_ages
15
#_F_ratio(must_sum_to_one_only_one_fishery)
1
#_Natural_Mortality 1 2 3 4 5 6 7 8 9 10 11 12 13 14 15
 0.9 0.6 0.3 0.3 0.3 0.3 0.3 0.3 0.3 0.3 0.3 0.3 0.3 0.3 0.3 
#_Maturity_divided_by_2(projection_program_uses_to_get_female_spawning_biomass_if_divide_by_2 1 2 3 4 5 6 7 8 9 10 11 12 13 14 15
 0 0.016 0.578 1.282 1.684 1.802 1.894 1.926 1.94 2 2 2 2 2 2
#_Wt_at_age_spawners 1 2 3 4 5 6 7 8 9 10 11 12 13 14 15
 0.0848817 0.195868 0.319566 0.490613 0.604994 0.738365 0.851658 0.960207 1.03066 1.10148 1.21865 1.26473 1.30452 1.35788 1.43261
#_Wt_at_age_fishery 1 2 3 4 5 6 7 8 9 10 11 12 13 14 15
 0.0251823 0.186222 0.393757 0.548346 0.626292 0.731937 0.841516 0.910812 0.997666 1.12591 1.14196 1.17162 1.25531 1.33259 1.4725
#
#_Selectivity_fishery_scaled_to_max_at_one 1 2 3 4 5 6 7 8 9 10 11 12 13 14 15
 0.000184803 0.065901 0.25978 0.363399 0.374362 0.519222 0.961881 1 0.941377 0.910194 0.905636 0.88706 0.88706 0.88706 0.88706
#_Numbers_at_age_end_year 1 2 3 4 5 6 7 8 9 10 11 12 13 14 15
 27410.7 5082.19 2609.12 2262.21 6343.99 1374.07 511.036 256.055 284.341 287.356 113.417 31.8247 24.6653 22.3917 37.4581
#_N_recruitment_years (not including last estimate)
45
#_Recruitment_start_at_1977_yearclass=1978_for_age_1_recruits 1978 1979 1980 1981 1982 1983 1984 1985 1986 1987 1988 1989 1990 1991 1992 1993 1994 1995 1996 1997 1998 1999 2000 2001 2002 2003 2004 2005 2006 2007 2008 2009 2010 2011 2012 2013 2014 2015 2016 2017 2018 2019 2020 2021 2022
 29099.1 71957.5 29515.1 36217.2 20246.6 56565.8 16536.6 46740.4 20718.4 9866.86 7874.44 14343.6 53085.3 27424.7 22354.7 48213 18202.8 13400.7 28241.2 38901.7 18548.3 19400.1 29471 40125.9 27444.5 17032.2 8012.85 6139.94 15536.8 31023.1 17375.5 61962.7 28305.9 18112.5 15638.3 50159.4 56265.1 23719.5 9390.36 10399.6 18437.2 66402 14951.6 11904.7 12500.8
#_Spawning biomass 
 8.36816 8.16523 8.01597 7.69079 7.37878 7.14183 6.922 6.73286 6.25335 5.41244 4.26335 3.06904 2.4514 2.27092 2.19538 2.15498 2.04985 2.25497 3.61939 5.50181 6.65869 7.19825 7.71003 8.26048 8.53697 8.91505 8.23968 6.84877 5.32618 5.03116 5.63073 5.9802 6.35858 6.79665 6.58334 6.23419 6.43372 6.7501 6.45417 6.08088 6.16632 6.42248 6.19512 5.33689 4.12524 3.23865 3.23741 3.8005 4.85835 6.19012 6.66753 6.37195 6.36032 7.26204 7.96862 7.53098 6.32618 5.187 5.30244 6.12314
