
1978
2014
1
15
41
10 11 12 13 14
15 16 17 18 19
20 21 22 23 24
25 26 27 28 29
30 31 32 33 34
35 36 37 38 39
40 41 42 43 44
45 46 47 48 49
50
1
#Fshry name
Aleutians
# Catch Biomass:
6.283 9.446 58.157 31.258 50.322 44.442 42.901 47.07 23.81 26.257 36.864 10.569 79.025 98.60447 52.35177 57.13184 58.6593 64.92536 29.06171 25.94027 23.79775 1.00968 1.24446 0.82466 1.17714 1.648853 1.157996 1.620935 1.744993 2.518961 1.277812 1.662205 1.285189 1.208035 0.975137 2.963983 3
#Yr specific cv on catch:
0.05 0.05 0.05 0.05 0.05 0.05 0.05 0.05 0.05 0.05 0.05 0.05 0.05 0.05 0.05 0.05 0.05 0.05 0.05 0.05 0.05 0.05 0.05 0.05 0.05 0.05 0.05 0.05 0.05 0.05 0.05 0.05 0.05 0.05 0.05 0.05 0.05
# Number Years With Fishery Age Data:
17
# Number Years With Fishery Length Data:
0
# Fishery 1 years
1978 1979 1980 1981 1982 1983 1984 1985 1986 1987 1994 1995 1996 1998 2006 2007 2008
# Fishery 1 multinomial sample size
100 33 100 100 101 101 104 102 101 101 103 103 101 101 100 100 100
# Fishery 1 numbers at age proportion
0.014 0 0.02 0.091 0.052 0.327 0.082 0.099 0.116 0.098 0.072 0.018 0.008 0.001 0.004
0.01 0.004 0.117 0.139 0.132 0.177 0.147 0.077 0.078 0.048 0.032 0.028 0.002 0.001 0.006
0 0.127 0.06 0.049 0.09 0.194 0.145 0.144 0.079 0.071 0.024 0.007 0.004 0.004 0.001
0.031 0 0.113 0.091 0.064 0.093 0.156 0.152 0.113 0.093 0.036 0.027 0.015 0.013 0.003
0.001 0 0.001 0.686 0.095 0.019 0.028 0.051 0.054 0.034 0.014 0.007 0.005 0.003 0.002
0.06 0 0 0 0.534 0.112 0.069 0.053 0.074 0.059 0.034 0 0 0.005 0
0.071 0.002 0.087 0 0.038 0.506 0.12 0.1 0.058 0.016 0.001 0 0.001 0 0
0.002 0.005 0.016 0.225 0.05 0.128 0.426 0.082 0.038 0.021 0.003 0.003 0 0.001 0
0.002 0 0.086 0.006 0.131 0.018 0.095 0.332 0.134 0.057 0.094 0.018 0.026 0 0
0.012 0 0 0.245 0.068 0.068 0.01 0.033 0.423 0.041 0.042 0.002 0.022 0.015 0.018
0.006 0 0 0.018 0.282 0.057 0.102 0.107 0.067 0.054 0.032 0.08 0.034 0.02 0.141
0.006 0 0.018 0.049 0 0.267 0.014 0.11 0.111 0.022 0.065 0.046 0.086 0.02 0.187
0.03 0 0 0.013 0.055 0.071 0.273 0.126 0.099 0.085 0.037 0.033 0.013 0.057 0.106
0.004 0 0.015 0.003 0.265 0.085 0.055 0.038 0.074 0.064 0.052 0.143 0.062 0.07 0.07
0.023 0 0.01 0 0.021 0.354 0.143 0.026 0.013 0.044 0.047 0.039 0.029 0.091 0.159
0.001 0 0.004 0.009 0.007 0.046 0.272 0.25 0.074 0.042 0.039 0.065 0.022 0.039 0.131
0.004 0 0 0.004 0.008 0.018 0.035 0.196 0.21 0.106 0.02 0.075 0.076 0.069 0.177
# Fishery 1 Weight at age 1978-2014
160 122 358 568 675 753 856 986 1106 1187 1249 1341 1467 1497 1243
160 146 383 555 620 663 731 825 912 963 991 1045 1145 1196 1025
160 197 510 762 878 937 999 1088 1183 1244 1262 1285 1348 1374 1196
160 126 335 546 681 744 773 812 873 924 929 905 894 879 787
160 125 316 535 717 817 845 871 934 997 989 917 867 866 864
160 149 318 508 698 829 879 911 981 1048 1016 899 851 933 1133
160 215 380 534 698 845 932 993 1080 1146 1092 961 939 1157 1752
160 319 512 616 735 877 996 1098 1209 1278 1211 1075 1082 1403 2453
160 248 493 579 636 720 807 895 994 1066 1033 927 907 1158 1734
160 96 430 697 817 870 886 912 991 1111 1194 1180 1126 1105 1060
160 253 395 564 704 791 855 926 1000 1049 1065 1060 1045 1011 950
160 253 395 564 704 791 855 926 1000 1049 1065 1060 1045 1011 950
160 253 395 564 704 791 855 926 1000 1049 1065 1060 1045 1011 950
416 494 588 706 855 1029 1202 1340 1423 1457 1465 1463 1453 1431 1396
416 494 588 706 855 1029 1202 1340 1423 1457 1465 1463 1453 1431 1396
416 494 588 706 855 1029 1202 1340 1423 1457 1465 1463 1453 1431 1396
416 508 583 683 813 962 1107 1221 1290 1317 1319 1309 1295 1275 1247
416 602 691 813 976 1165 1351 1495 1578 1607 1606 1594 1579 1557 1525
179 177 248 405 649 954 1219 1372 1441 1471 1467 1420 1346 1293 1299
179 256 371 558 859 1238 1540 1652 1650 1670 1748 1827 1840 1791 1740
179 277 383 552 774 995 1157 1253 1312 1362 1400 1413 1400 1385 1397
179 256 371 558 859 1238 1540 1652 1650 1670 1748 1827 1840 1791 1740
179 256 371 558 859 1238 1540 1652 1650 1670 1748 1827 1840 1791 1740
179 256 371 558 859 1238 1540 1652 1650 1670 1748 1827 1840 1791 1740
179 256 371 558 859 1238 1540 1652 1650 1670 1748 1827 1840 1791 1740
179 256 371 558 859 1238 1540 1652 1650 1670 1748 1827 1840 1791 1740
179 256 371 558 859 1238 1540 1652 1650 1670 1748 1827 1840 1791 1740
179 256 371 558 859 1238 1540 1652 1650 1670 1748 1827 1840 1791 1740
179 319 459 705 1048 1392 1621 1722 1772 1844 1951 2052 2085 2021 1893
179 251 375 610 963 1327 1561 1643 1665 1710 1801 1898 1939 1892 1784
179 223 345 575 930 1316 1589 1706 1744 1789 1869 1958 2003 1974 1890
179 256 371 558 859 1238 1540 1652 1650 1670 1748 1827 1840 1791 1740
179 256 371 558 859 1238 1540 1652 1650 1670 1748 1827 1840 1791 1740
179 256 371 558 859 1238 1540 1652 1650 1670 1748 1827 1840 1791 1740
179 256 371 558 859 1238 1540 1652 1650 1670 1748 1827 1840 1791 1740
179 256 371 558 859 1238 1540 1652 1650 1670 1748 1827 1840 1791 1740
179 256 371 558 859 1238 1540 1652 1650 1670 1748 1827 1840 1791 1740
#  Number of Surveys
1
#	Name of Surveys
NMFS_summer_bottom_trawl
13
# Survey 1 Years of survey biomass
1980 1983 1986 1991 1994 1997 2000 2002 2004 2006 2010 2012 2014
# Survey 1 Number of years
13
# Survey 1 Biomass values
267.353 466.062 443.208 137.892 78.741 93.42 105.922 175.953 130.407 94.512 140.932 44.281 85.316
# Survey 1 Biomass stdev
99999 99999 99999 26.822 14.896 20.621 29.839 67.262 101.179 45.454 46.021 24.274 20.733
# Number of Surveys with ages
11
# Number of Surveys with lengths
0
# Survey 1 Years
1983 1986 1991 1994 1997 2000 2002 2004 2006 2010 2012
# Survey 1 Multinomial sample size
1 1 1 100 100 100 100 100 100 100 100
# Survey 1 numbers at age proportions
0.001 0.107 0.046 0.02 0.448 0.173 0.056 0.059 0.049 0.024 0.011 0.004 0.001 0 0
0.002 0.058 0.367 0.031 0.14 0.054 0.071 0.152 0.086 0.023 0.006 0.007 0.003 0 0
0.061 0.049 0.128 0.298 0.125 0.029 0.036 0.021 0.063 0.027 0.043 0.014 0.045 0.031 0.028
0.144 0.046 0.097 0.123 0.172 0.092 0.068 0.054 0.026 0.059 0.051 0.032 0.004 0.012 0.02
0.042 0.068 0.07 0.106 0.11 0.082 0.06 0.121 0.083 0.04 0.067 0.045 0.035 0.025 0.046
0.105 0.024 0.045 0.084 0.119 0.106 0.108 0.071 0.038 0.045 0.09 0.046 0.048 0.046 0.027
0.043 0.046 0.095 0.093 0.067 0.073 0.106 0.076 0.075 0.056 0.069 0.046 0.058 0.026 0.07
0.064 0.009 0.091 0.176 0.117 0.094 0.032 0.034 0.044 0.033 0.069 0.081 0.052 0.047 0.059
0.039 0.006 0.083 0.093 0.093 0.17 0.118 0.079 0.022 0.035 0.042 0.041 0.046 0.069 0.064
0.076 0.007 0.071 0.177 0.144 0.046 0.019 0.051 0.054 0.095 0.108 0.051 0.041 0.005 0.056
0.129 0.018 0.053 0.018 0.075 0.236 0.107 0.016 0.014 0.038 0.053 0.108 0.08 0.042 0.016
# Survey 1 weight at age
69 173 371 604 763 858 937 1006 1069 1129 1174 1236 1356 1468 1499
69 173 371 604 763 858 937 1006 1069 1129 1174 1236 1356 1468 1499
69 173 371 604 763 858 937 1006 1069 1129 1174 1236 1356 1468 1499
69 173 371 604 763 858 937 1006 1069 1129 1174 1236 1356 1468 1499
69 173 371 604 763 858 937 1006 1069 1129 1174 1236 1356 1468 1499
63 163 458 642 715 824 919 1031 1023 1194 1199 1083 1442 1575 1428
69 173 371 604 763 858 937 1006 1069 1129 1174 1236 1356 1468 1499
69 173 371 604 763 858 937 1006 1069 1129 1174 1236 1356 1468 1499
56 196 457 588 709 798 875 970 1036 1134 1026 1016 1278 1189 1279
65 180 388 600 736 820 893 970 1036 1064 1068 1096 1163 1231 1274
65 180 388 600 736 820 893 970 1036 1064 1068 1096 1163 1231 1274
65 180 388 600 736 820 893 970 1036 1064 1068 1096 1163 1231 1274
65 180 388 600 736 820 893 970 1036 1064 1068 1096 1163 1231 1274
109 207 531 749 828 945 1051 1208 1195 1185 1322 1046 1289 1118 1077
79 206 448 735 941 1068 1191 1320 1400 1419 1434 1476 1495 1435 1316
79 206 448 735 941 1068 1191 1320 1400 1419 1434 1476 1495 1435 1316
49 205 462 821 960 1124 1339 1418 1752 1698 1545 1613 2700 1417 1680
79 206 448 735 941 1068 1191 1320 1400 1419 1434 1476 1495 1435 1316
44 161 416 701 904 1047 1175 1294 1372 1416 1482 1553 1559 1539 1558
51 211 381 700 894 999 1149 1326 1301 1355 1458 1507 1496 1496 1479
44 161 416 701 904 1047 1175 1294 1372 1416 1482 1553 1559 1539 1558
44 161 416 701 904 1047 1175 1294 1372 1416 1482 1553 1559 1539 1558
30 166 447 724 927 967 1211 1351 1410 1422 1535 1622 1654 1523 1664
41 184 475 731 950 1160 1299 1432 1605 1719 1750 1755 1723 1674 1652
37 226 464 700 1029 1165 1340 1273 1728 1944 1698 1874 1758 1832 1774
41 184 475 731 950 1160 1299 1432 1605 1719 1750 1755 1723 1674 1652
31 222 486 787 939 993 1346 1291 1735 1553 1703 1594 1594 1576 1505
41 184 475 731 950 1160 1299 1432 1605 1719 1750 1755 1723 1674 1652
47 182 468 620 920 1217 1247 1298 1514 1829 1731 1598 1668 1660 1573
41 184 475 731 950 1160 1299 1432 1605 1719 1750 1755 1723 1674 1652
41 184 475 731 950 1160 1299 1432 1605 1719 1750 1755 1723 1674 1652
41 184 475 731 950 1160 1299 1432 1605 1719 1750 1755 1723 1674 1652
47 213 454 721 948 1029 1532 1359 1545 1678 1863 1913 1740 1748 1725
41 184 475 731 950 1160 1299 1432 1605 1719 1750 1755 1723 1674 1652
35 167 458 784 1038 1157 1367 1672 1724 1563 1735 1943 1707 1668 1666
41 184 475 731 950 1160 1299 1432 1605 1719 1750 1755 1723 1674 1652
41 184 475 731 950 1160 1299 1432 1605 1719 1750 1755 1723 1674 1652
# Population weight at Age
37.061 170.79 452.347 708.386 924.545 1121.462 1236.517 1345.811 1515.779 1663.182 1728.322 1726.113 1664.903 1604.844 1595.246
# Maturity at Age 
0 0.0005 0.0105 0.1345 0.2825 0.4065 0.4495 0.4795 0.492 0.495 0.5 0.5 0.5 0.5 0.5
# Month of Spawning
3
# Ageing error
0.9744 0.0256 0 0 0 0 0 0 0 0 0 0 0 0 0
0.0256 0.9488 0.0256 0 0 0 0 0 0 0 0 0 0 0 0
0 0.0389 0.9222 0.0389 0 0 0 0 0 0 0 0 0 0 0
0 0 0.0537 0.8927 0.0537 0 0 0 0 0 0 0 0 0 0
0 0 0 0.0692 0.8615 0.0692 0 0 0 0 0 0 0 0 0
0 0 0 0 0.0851 0.8299 0.0851 0 0 0 0 0 0 0 0
0 0 0 0 0.0001 0.1007 0.7985 0.1007 0.0001 0 0 0 0 0 0
0 0 0 0 0 0.0002 0.1159 0.7678 0.1159 0.0002 0 0 0 0 0
0 0 0 0 0 0 0.0004 0.1305 0.7383 0.1305 0.0004 0 0 0 0
0 0 0 0 0 0 0 0.0007 0.1442 0.71 0.1442 0.0007 0 0 0
0 0 0 0 0 0 0 0 0.0013 0.1571 0.6832 0.1571 0.0013 0 0
0 0 0 0 0 0 0 0 0 0.0022 0.1689 0.6577 0.1689 0.0022 0
0 0 0 0 0 0 0 0 0 0 0.0034 0.1798 0.6337 0.1798 0.0034
0 0 0 0 0 0 0 0 0 0 0 0.0049 0.1896 0.611 0.1945
0 0 0 0 0 0 0 0 0 0 0 0 0.0068 0.1985 0.7948
 
 
