#styr																																				
1
#endyr																																			
30
#rec_age																																	
1																																						#n_ages																																		
12
# numbers of length intervals
81
#Length	bin
10	11	12	13	14	15	16	17	18	19	20	21	22	23	24	25	26	27	28	29	30	31	32	33	34	35	36	37	38	39	40	41	42	43	44	45	46	47	48	49	50	51	52	53	54	55	56	57	58	59	60	61	62	63	64	65	66	67	68	69	70	71	72	73	74	75	76	77	78	79	80	81	82	83	84	85	86	87	88	89	90
#nfsh
1
#names_fsh
OM1																																				
#catch																																			
160.972992214231	469.039833990347	767.23922421999	995.449146578453	760.128771259197	1330.81295613486	1293.22859748717	2476.81531419671	1325.55450901418	1523.69128171763	1621.52446427721	1611.57356351004	1113.86610334924	1538.11751939443	1508.50068651896	1266.04614238279	2238.86147959772	1607.91736280559	1453.86858141963	1295.52801289555	1613.81202180325	1072.96671253324	1636.16797933684	1210.82229361132	1129.04511515258	964.326946537436	923.3521246642	1218.20287962508	881.627536057529	1270.84751774018
#catch_cv																																		
0.01	0.01	0.01	0.01	0.01	0.01	0.01	0.01	0.01	0.01	0.01	0.01	0.01	0.01	0.01	0.01	0.01	0.01	0.01	0.01	0.01	0.01	0.01	0.01	0.01	0.01	0.01	0.01	0.01	0.01
#n_ages_fsh																															
30																			
#n_lengths_fsh																															
0																																						
#yrs_ages_fsh																																
1	2	3	4	5	6	7	8	9	10	11	12	13	14	15	16	17	18	19	20	21	22	23	24	25	26	27	28	29	30						
#sample_ages_fsh																														
200	200	200	200	200	200	200	200	200	200	200	200	200	200	200	200	200	200	200	200	200	200	200	200	200	200	200	200	200	200
#page_fsh	2	3	4	5	6	7	8	9	10	11																						
0.075	0.085	0.105	0.11	0.1	0.08	0.1	0.065	0.065	0.005	0.055	0.155
0.07	0.15	0.125	0.13	0.095	0.04	0.07	0.075	0.025	0.055	0.05	0.115
0.075	0.155	0.11	0.11	0.135	0.045	0.075	0.065	0.04	0.035	0.025	0.13
0.075	0.09	0.12	0.165	0.095	0.07	0.09	0.06	0.06	0.03	0.02	0.125
0.115	0.05	0.11	0.175	0.1	0.04	0.085	0.05	0.045	0.03	0.035	0.165
0.075	0.14	0.12	0.085	0.085	0.105	0.085	0.06	0.055	0.04	0.025	0.125
0.09	0.125	0.195	0.06	0.105	0.075	0.055	0.095	0.055	0.035	0.015	0.095
0.065	0.11	0.135	0.195	0.075	0.07	0.095	0.035	0.055	0.03	0.015	0.12
0.105	0.165	0.155	0.155	0.12	0.065	0.05	0.05	0.02	0.015	0.015	0.085
0.07	0.115	0.145	0.125	0.17	0.105	0.035	0.04	0.045	0.03	0.02	0.1
0.085	0.18	0.115	0.14	0.095	0.07	0.075	0.055	0.02	0.025	0.045	0.095
0.105	0.13	0.16	0.095	0.13	0.06	0.085	0.085	0.03	0.015	0.025	0.08
0.1	0.135	0.16	0.135	0.09	0.1	0.065	0.07	0.055	0.01	0.01	0.07
0.085	0.12	0.18	0.17	0.11	0.06	0.075	0.035	0.055	0.03	0.01	0.07
0.075	0.145	0.215	0.09	0.135	0.085	0.06	0.025	0.055	0.015	0.02	0.08
0.125	0.105	0.205	0.125	0.095	0.09	0.05	0.035	0.045	0.035	0.02	0.07
0.12	0.14	0.155	0.145	0.125	0.075	0.075	0.03	0.045	0.025	0.01	0.055
0.085	0.215	0.16	0.12	0.12	0.04	0.075	0.075	0.04	0.015	0.03	0.025
0.105	0.135	0.22	0.18	0.095	0.085	0.065	0.05	0.02	0.015	0.005	0.025
0.12	0.14	0.16	0.215	0.135	0.035	0.065	0.04	0.015	0.015	0.01	0.05
0.16	0.14	0.145	0.14	0.125	0.085	0.06	0.045	0.02	0.025	0.01	0.045
0.165	0.265	0.135	0.135	0.06	0.07	0.055	0.02	0.01	0.03	0.015	0.04
0.11	0.245	0.23	0.085	0.11	0.09	0.055	0.025	0	0.01	0	0.04
0.165	0.235	0.23	0.17	0.055	0.06	0.03	0.02	0.005	0.005	0.01	0.015
0.165	0.155	0.205	0.18	0.13	0.06	0.035	0.02	0.02	0.005	0.005	0.02
0.12	0.185	0.19	0.14	0.185	0.085	0.02	0.015	0.03	0.015	0.005	0.01
0.165	0.185	0.19	0.13	0.11	0.085	0.05	0.03	0.01	0.025	0	0.02
0.19	0.2	0.135	0.175	0.09	0.07	0.07	0.045	0.01	0	0	0.015
0.18	0.22	0.155	0.135	0.125	0.065	0.07	0.025	0.015	0.005	0.005	0
0.145	0.255	0.215	0.135	0.07	0.08	0.02	0.035	0.02	0.005	0.005	0.015
#wt_age_fsh	1 2	3	4	5	6	7	8	9	10	11																				
0.000530656	0.001196328	0.002058265	0.003034987	0.004055212	0.005064698	0.006026226	0.006916921	0.007724891	0.008446113	0.009081853	0.009636695
0.000530656	0.001196328	0.002058265	0.003034987	0.004055212	0.005064698	0.006026226	0.006916921	0.007724891	0.008446113	0.009081853	0.009636695
0.000530656	0.001196328	0.002058265	0.003034987	0.004055212	0.005064698	0.006026226	0.006916921	0.007724891	0.008446113	0.009081853	0.009636695
0.000530656	0.001196328	0.002058265	0.003034987	0.004055212	0.005064698	0.006026226	0.006916921	0.007724891	0.008446113	0.009081853	0.009636695
0.000530656	0.001196328	0.002058265	0.003034987	0.004055212	0.005064698	0.006026226	0.006916921	0.007724891	0.008446113	0.009081853	0.009636695
0.000530656	0.001196328	0.002058265	0.003034987	0.004055212	0.005064698	0.006026226	0.006916921	0.007724891	0.008446113	0.009081853	0.009636695
0.000530656	0.001196328	0.002058265	0.003034987	0.004055212	0.005064698	0.006026226	0.006916921	0.007724891	0.008446113	0.009081853	0.009636695
0.000530656	0.001196328	0.002058265	0.003034987	0.004055212	0.005064698	0.006026226	0.006916921	0.007724891	0.008446113	0.009081853	0.009636695
0.000530656	0.001196328	0.002058265	0.003034987	0.004055212	0.005064698	0.006026226	0.006916921	0.007724891	0.008446113	0.009081853	0.009636695
0.000530656	0.001196328	0.002058265	0.003034987	0.004055212	0.005064698	0.006026226	0.006916921	0.007724891	0.008446113	0.009081853	0.009636695
0.000530656	0.001196328	0.002058265	0.003034987	0.004055212	0.005064698	0.006026226	0.006916921	0.007724891	0.008446113	0.009081853	0.009636695
0.000530656	0.001196328	0.002058265	0.003034987	0.004055212	0.005064698	0.006026226	0.006916921	0.007724891	0.008446113	0.009081853	0.009636695
0.000530656	0.001196328	0.002058265	0.003034987	0.004055212	0.005064698	0.006026226	0.006916921	0.007724891	0.008446113	0.009081853	0.009636695
0.000530656	0.001196328	0.002058265	0.003034987	0.004055212	0.005064698	0.006026226	0.006916921	0.007724891	0.008446113	0.009081853	0.009636695
0.000530656	0.001196328	0.002058265	0.003034987	0.004055212	0.005064698	0.006026226	0.006916921	0.007724891	0.008446113	0.009081853	0.009636695
0.000530656	0.001196328	0.002058265	0.003034987	0.004055212	0.005064698	0.006026226	0.006916921	0.007724891	0.008446113	0.009081853	0.009636695
0.000530656	0.001196328	0.002058265	0.003034987	0.004055212	0.005064698	0.006026226	0.006916921	0.007724891	0.008446113	0.009081853	0.009636695
0.000530656	0.001196328	0.002058265	0.003034987	0.004055212	0.005064698	0.006026226	0.006916921	0.007724891	0.008446113	0.009081853	0.009636695
0.000530656	0.001196328	0.002058265	0.003034987	0.004055212	0.005064698	0.006026226	0.006916921	0.007724891	0.008446113	0.009081853	0.009636695
0.000530656	0.001196328	0.002058265	0.003034987	0.004055212	0.005064698	0.006026226	0.006916921	0.007724891	0.008446113	0.009081853	0.009636695
0.000530656	0.001196328	0.002058265	0.003034987	0.004055212	0.005064698	0.006026226	0.006916921	0.007724891	0.008446113	0.009081853	0.009636695
0.000530656	0.001196328	0.002058265	0.003034987	0.004055212	0.005064698	0.006026226	0.006916921	0.007724891	0.008446113	0.009081853	0.009636695
0.000530656	0.001196328	0.002058265	0.003034987	0.004055212	0.005064698	0.006026226	0.006916921	0.007724891	0.008446113	0.009081853	0.009636695
0.000530656	0.001196328	0.002058265	0.003034987	0.004055212	0.005064698	0.006026226	0.006916921	0.007724891	0.008446113	0.009081853	0.009636695
0.000530656	0.001196328	0.002058265	0.003034987	0.004055212	0.005064698	0.006026226	0.006916921	0.007724891	0.008446113	0.009081853	0.009636695
0.000530656	0.001196328	0.002058265	0.003034987	0.004055212	0.005064698	0.006026226	0.006916921	0.007724891	0.008446113	0.009081853	0.009636695
0.000530656	0.001196328	0.002058265	0.003034987	0.004055212	0.005064698	0.006026226	0.006916921	0.007724891	0.008446113	0.009081853	0.009636695
0.000530656	0.001196328	0.002058265	0.003034987	0.004055212	0.005064698	0.006026226	0.006916921	0.007724891	0.008446113	0.009081853	0.009636695
0.000530656	0.001196328	0.002058265	0.003034987	0.004055212	0.005064698	0.006026226	0.006916921	0.007724891	0.008446113	0.009081853	0.009636695
0.000530656	0.001196328	0.002058265	0.003034987	0.004055212	0.005064698	0.006026226	0.006916921	0.007724891	0.008446113	0.009081853	0.009636695

#nind
1
#ind_names																																	
survey_index1																																
#nobs_ind
30
#yrs_ind																																		
1	2	3	4	5	6	7	8	9	10	11	12	13	14	15	16	17	18	19	20	21	22	23	24	25	26	27	28	29	30	
#month_ind																																	
1																																						
#biom_ind																																		
1.76944406379263	1.50777256821019	1.53301609164036	1.61624866700751	1.38316877471596	1.61638639082214	1.41243878125883	1.3127491078109	1.19608669945878	1.10080319170195	1.23739338285267	1.05937570736893	0.960531835396782	0.975227232474684	1.02967779276541	0.859372577423728	0.920958391273036	0.702236849219438	0.910970334541794	0.671124274486063	0.771789587910206	0.636336667976618	0.602957578904802	0.668426530120514	0.501908084057415	0.462440308140857	0.537562885702526	0.564409645936105	0.566285356759572	0.495778669189054
#biom_cv																				
0.353888812758526	0.301554513642039	0.306603218328072	0.323249733401502	0.276633754943192	0.323277278164428	0.282487756251765	0.26254982156218	0.239217339891756	0.220160638340389	0.247478676570534	0.211875141473786	0.192106367079356	0.195045446494937	0.205935558553081	0.171874515484746	0.184191678254607	0.140447369843888	0.182194066908359	0.134224854897213	0.154357917582041	0.127267333595324	0.12059151578096	0.133685306024103	0.100381616811483	0.0924880616281714	0.107512577140505	0.112881929187221	0.113257071351914	0.0991557338378107
#n_ages_ind																																	
30			
#n_lengths_ind																															
0																																						
#yrs_ages_ind																																
1	2	3	4	5	6	7	8	9	10	11	12	13	14	15	16	17	18	19	20	21	22	23	24	25	26	27	28	29	30																						
#sample_ages_ind																														
200	200	200	200	200	200	200	200	200	200	200	200	200	200	200	200	200	200	200	200	200	200	200	200	200	200	200	200	200	200
#page_ind																																		
0.04	0.12	0.155	0.15	0.15	0.06	0.085	0.03	0.035	0.03	0.01	0.135
0.07	0.135	0.135	0.095	0.11	0.07	0.105	0.045	0.045	0.025	0.04	0.125
0.085	0.165	0.12	0.13	0.115	0.065	0.045	0.045	0.04	0.045	0.01	0.135
0.05	0.12	0.195	0.15	0.125	0.085	0.06	0.03	0.035	0.035	0.025	0.09
0.04	0.17	0.12	0.17	0.105	0.07	0.045	0.065	0.035	0.045	0.01	0.125
0.085	0.155	0.13	0.155	0.105	0.055	0.06	0.055	0.045	0.045	0.01	0.1
0.085	0.17	0.235	0.08	0.13	0.065	0.055	0.045	0.025	0.01	0.04	0.06
0.07	0.125	0.2	0.18	0.07	0.075	0.065	0.03	0.045	0.02	0.02	0.1
0.07	0.165	0.145	0.135	0.15	0.07	0.06	0.05	0.035	0.015	0.025	0.08
0.065	0.16	0.16	0.12	0.14	0.085	0.055	0.03	0.035	0.05	0.01	0.09
0.105	0.205	0.14	0.12	0.08	0.105	0.055	0.04	0.02	0.025	0.02	0.085
0.09	0.21	0.155	0.095	0.12	0.07	0.07	0.05	0.04	0.02	0.02	0.06
0.115	0.1	0.19	0.175	0.09	0.075	0.055	0.045	0.025	0.005	0.02	0.105
0.065	0.16	0.18	0.155	0.095	0.055	0.075	0.025	0.025	0.04	0.025	0.1
0.09	0.205	0.15	0.095	0.15	0.1	0.07	0.045	0.01	0.03	0.02	0.035
0.09	0.16	0.18	0.165	0.095	0.11	0.035	0.045	0.025	0.02	0.025	0.05
0.14	0.19	0.17	0.145	0.065	0.06	0.07	0.045	0.03	0.015	0.005	0.065
0.055	0.225	0.28	0.115	0.105	0.07	0.045	0.035	0.015	0.01	0.015	0.03
0.08	0.155	0.255	0.2	0.085	0.055	0.025	0.02	0.035	0.015	0.025	0.05
0.07	0.23	0.175	0.145	0.135	0.045	0.06	0.04	0.035	0.02	0.015	0.03
0.16	0.205	0.21	0.105	0.1	0.045	0.05	0.035	0.015	0.02	0.005	0.05
0.12	0.255	0.16	0.09	0.095	0.105	0.065	0.025	0.025	0.015	0.005	0.04
0.115	0.225	0.29	0.125	0.065	0.055	0.03	0.03	0.015	0.01	0.015	0.025
0.095	0.23	0.24	0.2	0.085	0.025	0.04	0.02	0.01	0.025	0.005	0.025
0.11	0.23	0.185	0.19	0.125	0.055	0.025	0.025	0.02	0.01	0	0.025
0.08	0.265	0.165	0.13	0.185	0.075	0.055	0.015	0.01	0.015	0	0.005
0.125	0.225	0.275	0.135	0.1	0.06	0.045	0.02	0.005	0	0.005	0.005
0.13	0.285	0.185	0.195	0.1	0.025	0.045	0.02	0	0	0.005	0.01
0.135	0.3	0.245	0.1	0.1	0.035	0.02	0.025	0.025	0.01	0.005	0
0.11	0.285	0.225	0.17	0.05	0.065	0.02	0.01	0.035	0.01	0.005	0.015
#wt_age_ind																																	
1 1 1 1 1 1 1 1 1 1 1 1 
1 1 1 1 1 1 1 1 1 1 1 1 
1 1 1 1 1 1 1 1 1 1 1 1 
1 1 1 1 1 1 1 1 1 1 1 1 
1 1 1 1 1 1 1 1 1 1 1 1 
1 1 1 1 1 1 1 1 1 1 1 1 
1 1 1 1 1 1 1 1 1 1 1 1 
1 1 1 1 1 1 1 1 1 1 1 1 
1 1 1 1 1 1 1 1 1 1 1 1 
1 1 1 1 1 1 1 1 1 1 1 1 
1 1 1 1 1 1 1 1 1 1 1 1 
1 1 1 1 1 1 1 1 1 1 1 1 
1 1 1 1 1 1 1 1 1 1 1 1 
1 1 1 1 1 1 1 1 1 1 1 1 
1 1 1 1 1 1 1 1 1 1 1 1 
1 1 1 1 1 1 1 1 1 1 1 1 
1 1 1 1 1 1 1 1 1 1 1 1 
1 1 1 1 1 1 1 1 1 1 1 1 
1 1 1 1 1 1 1 1 1 1 1 1 
1 1 1 1 1 1 1 1 1 1 1 1 
1 1 1 1 1 1 1 1 1 1 1 1 
1 1 1 1 1 1 1 1 1 1 1 1 
1 1 1 1 1 1 1 1 1 1 1 1 
1 1 1 1 1 1 1 1 1 1 1 1 
1 1 1 1 1 1 1 1 1 1 1 1 
1 1 1 1 1 1 1 1 1 1 1 1 
1 1 1 1 1 1 1 1 1 1 1 1 
1 1 1 1 1 1 1 1 1 1 1 1 
1 1 1 1 1 1 1 1 1 1 1 1 
1 1 1 1 1 1 1 1 1 1 1 1 
# wt_pop
0.000530656	0.001196328	0.002058265	0.003034987	0.004055212	0.005064698	0.006026226	0.006916921	0.007724891	0.008446113	0.009081853	0.009636695
#maturity
0.02297737 0.32082130 0.90465054 0.99477987 0.99973881 0.99998699 0.99999935 0.99999997 1 1 1 1
#spmonth																																		
1		
#age_err																																		
1	0	0	0	0	0	0	0	0	0	0	0
0	1	0	0	0	0	0	0	0	0	0	0
0	0	1	0	0	0	0	0	0	0	0	0
0	0	0	1	0	0	0	0	0	0	0	0
0	0	0	0	1	0	0	0	0	0	0	0
0	0	0	0	0	1	0	0	0	0	0	0
0	0	0	0	0	0	1	0	0	0	0	0
0	0	0	0	0	0	0	1	0	0	0	0
0	0	0	0	0	0	0	0	1	0	0	0
0	0	0	0	0	0	0	0	0	1	0	0
0	0	0	0	0	0	0	0	0	0	1	0
0	0	0	0	0	0	0	0	0	0	0	1																														

