# ASAP VERSION 3.0 setup by convert_ICES_asap.r              
# MODEL ID EBSWP                 
# Number of Years
60
# First year
1964
# Number of ages
15
# Number of fleets                 
1                    
# Number of selectivity blocks                
1                    
# Number of available indices                
1                    
# M matrix                  
0.9 0.6 0.3 0.3 0.3 0.3 0.3 0.3 0.3 0.3 0.3 0.3 0.3 0.3 0.3      
0.9 0.6 0.3 0.3 0.3 0.3 0.3 0.3 0.3 0.3 0.3 0.3 0.3 0.3 0.3      
0.9 0.6 0.3 0.3 0.3 0.3 0.3 0.3 0.3 0.3 0.3 0.3 0.3 0.3 0.3      
0.9 0.6 0.3 0.3 0.3 0.3 0.3 0.3 0.3 0.3 0.3 0.3 0.3 0.3 0.3      
0.9 0.6 0.3 0.3 0.3 0.3 0.3 0.3 0.3 0.3 0.3 0.3 0.3 0.3 0.3      
0.9 0.6 0.3 0.3 0.3 0.3 0.3 0.3 0.3 0.3 0.3 0.3 0.3 0.3 0.3      
0.9 0.6 0.3 0.3 0.3 0.3 0.3 0.3 0.3 0.3 0.3 0.3 0.3 0.3 0.3      
0.9 0.6 0.3 0.3 0.3 0.3 0.3 0.3 0.3 0.3 0.3 0.3 0.3 0.3 0.3      
0.9 0.6 0.3 0.3 0.3 0.3 0.3 0.3 0.3 0.3 0.3 0.3 0.3 0.3 0.3      
0.9 0.6 0.3 0.3 0.3 0.3 0.3 0.3 0.3 0.3 0.3 0.3 0.3 0.3 0.3      
0.9 0.6 0.3 0.3 0.3 0.3 0.3 0.3 0.3 0.3 0.3 0.3 0.3 0.3 0.3      
0.9 0.6 0.3 0.3 0.3 0.3 0.3 0.3 0.3 0.3 0.3 0.3 0.3 0.3 0.3      
0.9 0.6 0.3 0.3 0.3 0.3 0.3 0.3 0.3 0.3 0.3 0.3 0.3 0.3 0.3      
0.9 0.6 0.3 0.3 0.3 0.3 0.3 0.3 0.3 0.3 0.3 0.3 0.3 0.3 0.3      
0.9 0.6 0.3 0.3 0.3 0.3 0.3 0.3 0.3 0.3 0.3 0.3 0.3 0.3 0.3      
0.9 0.6 0.3 0.3 0.3 0.3 0.3 0.3 0.3 0.3 0.3 0.3 0.3 0.3 0.3      
0.9 0.6 0.3 0.3 0.3 0.3 0.3 0.3 0.3 0.3 0.3 0.3 0.3 0.3 0.3      
0.9 0.6 0.3 0.3 0.3 0.3 0.3 0.3 0.3 0.3 0.3 0.3 0.3 0.3 0.3      
0.9 0.6 0.3 0.3 0.3 0.3 0.3 0.3 0.3 0.3 0.3 0.3 0.3 0.3 0.3      
0.9 0.6 0.3 0.3 0.3 0.3 0.3 0.3 0.3 0.3 0.3 0.3 0.3 0.3 0.3      
0.9 0.6 0.3 0.3 0.3 0.3 0.3 0.3 0.3 0.3 0.3 0.3 0.3 0.3 0.3      
0.9 0.6 0.3 0.3 0.3 0.3 0.3 0.3 0.3 0.3 0.3 0.3 0.3 0.3 0.3      
0.9 0.6 0.3 0.3 0.3 0.3 0.3 0.3 0.3 0.3 0.3 0.3 0.3 0.3 0.3      
0.9 0.6 0.3 0.3 0.3 0.3 0.3 0.3 0.3 0.3 0.3 0.3 0.3 0.3 0.3      
0.9 0.6 0.3 0.3 0.3 0.3 0.3 0.3 0.3 0.3 0.3 0.3 0.3 0.3 0.3      
0.9 0.6 0.3 0.3 0.3 0.3 0.3 0.3 0.3 0.3 0.3 0.3 0.3 0.3 0.3      
0.9 0.6 0.3 0.3 0.3 0.3 0.3 0.3 0.3 0.3 0.3 0.3 0.3 0.3 0.3      
0.9 0.6 0.3 0.3 0.3 0.3 0.3 0.3 0.3 0.3 0.3 0.3 0.3 0.3 0.3      
0.9 0.6 0.3 0.3 0.3 0.3 0.3 0.3 0.3 0.3 0.3 0.3 0.3 0.3 0.3      
0.9 0.6 0.3 0.3 0.3 0.3 0.3 0.3 0.3 0.3 0.3 0.3 0.3 0.3 0.3      
0.9 0.6 0.3 0.3 0.3 0.3 0.3 0.3 0.3 0.3 0.3 0.3 0.3 0.3 0.3      
0.9 0.6 0.3 0.3 0.3 0.3 0.3 0.3 0.3 0.3 0.3 0.3 0.3 0.3 0.3      
0.9 0.6 0.3 0.3 0.3 0.3 0.3 0.3 0.3 0.3 0.3 0.3 0.3 0.3 0.3      
0.9 0.6 0.3 0.3 0.3 0.3 0.3 0.3 0.3 0.3 0.3 0.3 0.3 0.3 0.3      
0.9 0.6 0.3 0.3 0.3 0.3 0.3 0.3 0.3 0.3 0.3 0.3 0.3 0.3 0.3      
0.9 0.6 0.3 0.3 0.3 0.3 0.3 0.3 0.3 0.3 0.3 0.3 0.3 0.3 0.3      
0.9 0.6 0.3 0.3 0.3 0.3 0.3 0.3 0.3 0.3 0.3 0.3 0.3 0.3 0.3      
0.9 0.6 0.3 0.3 0.3 0.3 0.3 0.3 0.3 0.3 0.3 0.3 0.3 0.3 0.3      
0.9 0.6 0.3 0.3 0.3 0.3 0.3 0.3 0.3 0.3 0.3 0.3 0.3 0.3 0.3      
0.9 0.6 0.3 0.3 0.3 0.3 0.3 0.3 0.3 0.3 0.3 0.3 0.3 0.3 0.3      
0.9 0.6 0.3 0.3 0.3 0.3 0.3 0.3 0.3 0.3 0.3 0.3 0.3 0.3 0.3      
0.9 0.6 0.3 0.3 0.3 0.3 0.3 0.3 0.3 0.3 0.3 0.3 0.3 0.3 0.3      
0.9 0.6 0.3 0.3 0.3 0.3 0.3 0.3 0.3 0.3 0.3 0.3 0.3 0.3 0.3      
0.9 0.6 0.3 0.3 0.3 0.3 0.3 0.3 0.3 0.3 0.3 0.3 0.3 0.3 0.3      
0.9 0.6 0.3 0.3 0.3 0.3 0.3 0.3 0.3 0.3 0.3 0.3 0.3 0.3 0.3      
0.9 0.6 0.3 0.3 0.3 0.3 0.3 0.3 0.3 0.3 0.3 0.3 0.3 0.3 0.3      
0.9 0.6 0.3 0.3 0.3 0.3 0.3 0.3 0.3 0.3 0.3 0.3 0.3 0.3 0.3      
0.9 0.6 0.3 0.3 0.3 0.3 0.3 0.3 0.3 0.3 0.3 0.3 0.3 0.3 0.3      
0.9 0.6 0.3 0.3 0.3 0.3 0.3 0.3 0.3 0.3 0.3 0.3 0.3 0.3 0.3      
0.9 0.6 0.3 0.3 0.3 0.3 0.3 0.3 0.3 0.3 0.3 0.3 0.3 0.3 0.3      
0.9 0.6 0.3 0.3 0.3 0.3 0.3 0.3 0.3 0.3 0.3 0.3 0.3 0.3 0.3      
0.9 0.6 0.3 0.3 0.3 0.3 0.3 0.3 0.3 0.3 0.3 0.3 0.3 0.3 0.3      
0.9 0.6 0.3 0.3 0.3 0.3 0.3 0.3 0.3 0.3 0.3 0.3 0.3 0.3 0.3      
0.9 0.6 0.3 0.3 0.3 0.3 0.3 0.3 0.3 0.3 0.3 0.3 0.3 0.3 0.3      
0.9 0.6 0.3 0.3 0.3 0.3 0.3 0.3 0.3 0.3 0.3 0.3 0.3 0.3 0.3      
0.9 0.6 0.3 0.3 0.3 0.3 0.3 0.3 0.3 0.3 0.3 0.3 0.3 0.3 0.3      
0.9 0.6 0.3 0.3 0.3 0.3 0.3 0.3 0.3 0.3 0.3 0.3 0.3 0.3 0.3      
0.9 0.6 0.3 0.3 0.3 0.3 0.3 0.3 0.3 0.3 0.3 0.3 0.3 0.3 0.3      
0.9 0.6 0.3 0.3 0.3 0.3 0.3 0.3 0.3 0.3 0.3 0.3 0.3 0.3 0.3      
0.9 0.6 0.3 0.3 0.3 0.3 0.3 0.3 0.3 0.3 0.3 0.3 0.3 0.3 0.3      
# Fecundity option                  
0                    
# Fraction of year elapsed before SSB calculation             
0.287671233                    
# MATURITY matrix                  
0 0.008 0.289 0.641 0.842 0.901 0.947 0.963 0.97 1 1 1 1 1 1      
0 0.008 0.289 0.641 0.842 0.901 0.947 0.963 0.97 1 1 1 1 1 1      
0 0.008 0.289 0.641 0.842 0.901 0.947 0.963 0.97 1 1 1 1 1 1      
0 0.008 0.289 0.641 0.842 0.901 0.947 0.963 0.97 1 1 1 1 1 1      
0 0.008 0.289 0.641 0.842 0.901 0.947 0.963 0.97 1 1 1 1 1 1      
0 0.008 0.289 0.641 0.842 0.901 0.947 0.963 0.97 1 1 1 1 1 1      
0 0.008 0.289 0.641 0.842 0.901 0.947 0.963 0.97 1 1 1 1 1 1      
0 0.008 0.289 0.641 0.842 0.901 0.947 0.963 0.97 1 1 1 1 1 1      
0 0.008 0.289 0.641 0.842 0.901 0.947 0.963 0.97 1 1 1 1 1 1      
0 0.008 0.289 0.641 0.842 0.901 0.947 0.963 0.97 1 1 1 1 1 1      
0 0.008 0.289 0.641 0.842 0.901 0.947 0.963 0.97 1 1 1 1 1 1      
0 0.008 0.289 0.641 0.842 0.901 0.947 0.963 0.97 1 1 1 1 1 1      
0 0.008 0.289 0.641 0.842 0.901 0.947 0.963 0.97 1 1 1 1 1 1      
0 0.008 0.289 0.641 0.842 0.901 0.947 0.963 0.97 1 1 1 1 1 1      
0 0.008 0.289 0.641 0.842 0.901 0.947 0.963 0.97 1 1 1 1 1 1      
0 0.008 0.289 0.641 0.842 0.901 0.947 0.963 0.97 1 1 1 1 1 1      
0 0.008 0.289 0.641 0.842 0.901 0.947 0.963 0.97 1 1 1 1 1 1      
0 0.008 0.289 0.641 0.842 0.901 0.947 0.963 0.97 1 1 1 1 1 1      
0 0.008 0.289 0.641 0.842 0.901 0.947 0.963 0.97 1 1 1 1 1 1      
0 0.008 0.289 0.641 0.842 0.901 0.947 0.963 0.97 1 1 1 1 1 1      
0 0.008 0.289 0.641 0.842 0.901 0.947 0.963 0.97 1 1 1 1 1 1      
0 0.008 0.289 0.641 0.842 0.901 0.947 0.963 0.97 1 1 1 1 1 1      
0 0.008 0.289 0.641 0.842 0.901 0.947 0.963 0.97 1 1 1 1 1 1      
0 0.008 0.289 0.641 0.842 0.901 0.947 0.963 0.97 1 1 1 1 1 1      
0 0.008 0.289 0.641 0.842 0.901 0.947 0.963 0.97 1 1 1 1 1 1      
0 0.008 0.289 0.641 0.842 0.901 0.947 0.963 0.97 1 1 1 1 1 1      
0 0.008 0.289 0.641 0.842 0.901 0.947 0.963 0.97 1 1 1 1 1 1      
0 0.008 0.289 0.641 0.842 0.901 0.947 0.963 0.97 1 1 1 1 1 1      
0 0.008 0.289 0.641 0.842 0.901 0.947 0.963 0.97 1 1 1 1 1 1      
0 0.008 0.289 0.641 0.842 0.901 0.947 0.963 0.97 1 1 1 1 1 1      
0 0.008 0.289 0.641 0.842 0.901 0.947 0.963 0.97 1 1 1 1 1 1      
0 0.008 0.289 0.641 0.842 0.901 0.947 0.963 0.97 1 1 1 1 1 1      
0 0.008 0.289 0.641 0.842 0.901 0.947 0.963 0.97 1 1 1 1 1 1      
0 0.008 0.289 0.641 0.842 0.901 0.947 0.963 0.97 1 1 1 1 1 1      
0 0.008 0.289 0.641 0.842 0.901 0.947 0.963 0.97 1 1 1 1 1 1      
0 0.008 0.289 0.641 0.842 0.901 0.947 0.963 0.97 1 1 1 1 1 1      
0 0.008 0.289 0.641 0.842 0.901 0.947 0.963 0.97 1 1 1 1 1 1      
0 0.008 0.289 0.641 0.842 0.901 0.947 0.963 0.97 1 1 1 1 1 1      
0 0.008 0.289 0.641 0.842 0.901 0.947 0.963 0.97 1 1 1 1 1 1      
0 0.008 0.289 0.641 0.842 0.901 0.947 0.963 0.97 1 1 1 1 1 1      
0 0.008 0.289 0.641 0.842 0.901 0.947 0.963 0.97 1 1 1 1 1 1      
0 0.008 0.289 0.641 0.842 0.901 0.947 0.963 0.97 1 1 1 1 1 1      
0 0.008 0.289 0.641 0.842 0.901 0.947 0.963 0.97 1 1 1 1 1 1      
0 0.008 0.289 0.641 0.842 0.901 0.947 0.963 0.97 1 1 1 1 1 1      
0 0.008 0.289 0.641 0.842 0.901 0.947 0.963 0.97 1 1 1 1 1 1      
0 0.008 0.289 0.641 0.842 0.901 0.947 0.963 0.97 1 1 1 1 1 1      
0 0.008 0.289 0.641 0.842 0.901 0.947 0.963 0.97 1 1 1 1 1 1      
0 0.008 0.289 0.641 0.842 0.901 0.947 0.963 0.97 1 1 1 1 1 1      
0 0.008 0.289 0.641 0.842 0.901 0.947 0.963 0.97 1 1 1 1 1 1      
0 0.008 0.289 0.641 0.842 0.901 0.947 0.963 0.97 1 1 1 1 1 1      
0 0.008 0.289 0.641 0.842 0.901 0.947 0.963 0.97 1 1 1 1 1 1      
0 0.008 0.289 0.641 0.842 0.901 0.947 0.963 0.97 1 1 1 1 1 1      
0 0.008 0.289 0.641 0.842 0.901 0.947 0.963 0.97 1 1 1 1 1 1      
0 0.008 0.289 0.641 0.842 0.901 0.947 0.963 0.97 1 1 1 1 1 1      
0 0.008 0.289 0.641 0.842 0.901 0.947 0.963 0.97 1 1 1 1 1 1      
0 0.008 0.289 0.641 0.842 0.901 0.947 0.963 0.97 1 1 1 1 1 1      
0 0.008 0.289 0.641 0.842 0.901 0.947 0.963 0.97 1 1 1 1 1 1      
0 0.008 0.289 0.641 0.842 0.901 0.947 0.963 0.97 1 1 1 1 1 1      
0 0.008 0.289 0.641 0.842 0.901 0.947 0.963 0.97 1 1 1 1 1 1      
0 0.008 0.289 0.641 0.842 0.901 0.947 0.963 0.97 1 1 1 1 1 1      
# Number of WAA matrices                
4                    
# WAA matrix-1                  
0.0066	0.17	0.303	0.447	0.589	0.722	0.84	0.942	1.029	1.102	1.163	1.212	1.253	1.286	1.312																																													
0.0066	0.17	0.303	0.447	0.589	0.722	0.84	0.942	1.029	1.102	1.163	1.212	1.253	1.286	1.312																																													
0.0066	0.17	0.303	0.447	0.589	0.722	0.84	0.942	1.029	1.102	1.163	1.212	1.253	1.286	1.312																																													
0.0066	0.17	0.303	0.447	0.589	0.722	0.84	0.942	1.029	1.102	1.163	1.212	1.253	1.286	1.312																																													
0.0066	0.17	0.303	0.447	0.589	0.722	0.84	0.942	1.029	1.102	1.163	1.212	1.253	1.286	1.312																																													
0.0066	0.17	0.303	0.447	0.589	0.722	0.84	0.942	1.029	1.102	1.163	1.212	1.253	1.286	1.312																																													
0.0066	0.17	0.303	0.447	0.589	0.722	0.84	0.942	1.029	1.102	1.163	1.212	1.253	1.286	1.312																																													
0.0066	0.17	0.303	0.447	0.589	0.722	0.84	0.942	1.029	1.102	1.163	1.212	1.253	1.286	1.312																																													
0.0066	0.17	0.303	0.447	0.589	0.722	0.84	0.942	1.029	1.102	1.163	1.212	1.253	1.286	1.312																																													
0.0066	0.17	0.303	0.447	0.589	0.722	0.84	0.942	1.029	1.102	1.163	1.212	1.253	1.286	1.312																																													
0.0066	0.17	0.303	0.447	0.589	0.722	0.84	0.942	1.029	1.102	1.163	1.212	1.253	1.286	1.312																																													
0.0066	0.17	0.303	0.447	0.589	0.722	0.84	0.942	1.029	1.102	1.163	1.212	1.253	1.286	1.312																																													
0.0066	0.17	0.303	0.447	0.589	0.722	0.84	0.942	1.029	1.102	1.163	1.212	1.253	1.286	1.312																																													
0.0066	0.17	0.303	0.447	0.589	0.722	0.84	0.942	1.029	1.102	1.163	1.212	1.253	1.286	1.312																																													
0.0066	0.17	0.303	0.447	0.589	0.722	0.84	0.942	1.029	1.102	1.163	1.212	1.253	1.286	1.312																																													
0.0066	0.17	0.303	0.447	0.589	0.722	0.84	0.942	1.029	1.102	1.163	1.212	1.253	1.286	1.312																																													
0.0066	0.17	0.303	0.447	0.589	0.722	0.84	0.942	1.029	1.102	1.163	1.212	1.253	1.286	1.312																																													
0.0066	0.17	0.303	0.447	0.589	0.722	0.84	0.942	1.029	1.102	1.163	1.212	1.253	1.286	1.312																																													
0.0066	0.17	0.303	0.447	0.589	0.722	0.84	0.942	1.029	1.102	1.163	1.212	1.253	1.286	1.312																																													
0.0066	0.17	0.303	0.447	0.589	0.722	0.84	0.942	1.029	1.102	1.163	1.212	1.253	1.286	1.312																																													
0.0066	0.17	0.303	0.447	0.589	0.722	0.84	0.942	1.029	1.102	1.163	1.212	1.253	1.286	1.312																																													
0.0066	0.17	0.303	0.447	0.589	0.722	0.84	0.942	1.029	1.102	1.163	1.212	1.253	1.286	1.312																																													
0.0066	0.17	0.303	0.447	0.589	0.722	0.84	0.942	1.029	1.102	1.163	1.212	1.253	1.286	1.312																																													
0.0066	0.17	0.303	0.447	0.589	0.722	0.84	0.942	1.029	1.102	1.163	1.212	1.253	1.286	1.312																																													
0.0066	0.17	0.303	0.447	0.589	0.722	0.84	0.942	1.029	1.102	1.163	1.212	1.253	1.286	1.312																																													
0.0066	0.17	0.303	0.447	0.589	0.722	0.84	0.942	1.029	1.102	1.163	1.212	1.253	1.286	1.312																																													
0.0066	0.17	0.303	0.447	0.589	0.722	0.84	0.942	1.029	1.102	1.163	1.212	1.253	1.286	1.312																																													
0.0066	0.149613	0.28829315	0.485167675	0.605841496	0.729371624	0.844096965	0.882693471	1.016319154	1.124358417	1.141080445	1.231533256	1.22187122	1.2947968	1.251612802																																													
0.0066	0.179094	0.39680313	0.464697432	0.651190101	0.713675625	0.818542598	0.985786535	1.030419547	1.199785801	1.236505467	1.26924022	1.193139554	1.35742978	1.4313865																																													
0.0066	0.33131	0.49472775	0.612071454	0.651817369	0.774858018	0.934475727	1.062411234	1.19773405	1.24041873	1.42333539	1.53983216	1.57572931	1.60870209	1.50768835																																													
0.0066	0.233091	0.400050503	0.651626422	0.732390096	0.745802836	0.7269725	1.07004583	1.37989415	1.32486267	1.335020116	1.40900715	1.397040133	1.27783839	1.36979349																																													
0.0066	0.15348	0.385611534	0.505264489	0.728522112	0.843244857	0.847295609	0.969591893	1.231843043	1.296301595	1.4006777	1.40195111	1.3922331	1.094947991	1.30550716																																													
0.0066	0.292889	0.335606389	0.445074427	0.684364427	0.796765028	0.94837944	0.955519142	1.02546574	1.099697907	1.418002059	1.48923278	1.52059129	1.70190128	1.60196253																																													
0.0066	0.187184	0.32671751	0.476869951	0.559045521	0.747564413	0.888807785	1.074088782	1.09517763	1.235658204	1.286725055	1.39973464	1.56127113	1.36341636	1.337754147																																													
0.0066	0.190536	0.369383672	0.589302496	0.618376139	0.621628031	0.779568341	1.040015819	1.1692864	1.27585814	1.316131244	1.4277181	1.44836347	1.43697434	1.528370777																																													
0.0066	0.187805	0.40445582	0.507015926	0.643391663	0.702294283	0.728631916	0.893662232	1.037729163	1.25272383	1.223967714	1.42241993	0.994869796	0.61644297	1.23864456																																													
0.0066	0.217708	0.352966915	0.525656627	0.62991625	0.731738432	0.779707642	0.806637556	0.967905069	1.014842882	1.25287595	1.286417827	1.10813708	1.0838821	1.35876186																																													
0.0065	0.226725	0.32898713	0.504776539	0.667911679	0.785503545	0.963814278	0.985640409	1.061105349	1.13286349	1.31951532	1.41110787	1.5682545	1.47239219	1.49492148																																													
0.0067	0.231265	0.384942633	0.509822391	0.667342923	0.798843998	0.910851775	1.025740532	1.11296386	1.10152103	1.28351659	1.44217266	1.57874939	1.289712209	1.56780282																																													
0.0065	0.27607	0.489241213	0.548784202	0.651561244	0.768839009	0.863003577	0.95278432	1.085649709	1.20152919	1.2115767	1.19445331	1.374063742	1.354663004	1.70944157																																													
0.0067	0.134785	0.408485451	0.583890898	0.641247213	0.759872306	0.887631525	0.924376611	1.035504964	1.176251988	1.126812073	1.166778953	1.309497257	1.253624205	1.184688376																																													
0.0066	0.282639	0.351069873	0.508227212	0.641091205	0.741709813	0.880134021	0.959955416	1.061691321	1.074204224	1.216280304	1.2679849	1.21748792	1.075504804	1.342282396																																													
0.0066	0.174065	0.30552192	0.448377014	0.606399375	0.755330685	0.857665365	0.958631335	1.060309814	1.11661672	1.190103027	1.218200954	1.279676942	1.384136684	1.41707779																																													
0.006633333	0.154728	0.349006047	0.507433122	0.642345264	0.782934356	0.960533573	1.100323808	1.1921783	1.26649122	1.32689268	1.487725809	1.443787904	1.72854413	1.51178103																																													
0.006611111	0.2076326	0.328222145	0.51871347	0.652689432	0.773936749	0.899905378	1.05422698	1.1165659	1.2888614	1.45242062	1.52770456	1.56042986	1.87355184	1.64468809																																													
0.006604444	0.135797	0.339606441	0.525130076	0.70476811	0.87862654	0.999417089	1.13049152	1.39828687	1.4792252	1.55788074	1.57615198	1.80693852	2.02570229	2.22207877																																													
0.0497677	0.174856	0.380772971	0.489989276	0.667530349	0.909046943	1.114264972	1.27685588	1.37360813	1.58575649	1.6790192	1.92345261	1.94790431	2.07703881	2.27116122																																													
0.030688207	0.204737208	0.290306334	0.508276718	0.66555235	0.809441376	0.971459342	1.22376812	1.3421732	1.51301507	1.58174035	1.62333791	2.07956946	1.70723085	2.24223663																																													
0.029020117	0.141972725	0.270608292	0.4094757	0.643213487	0.824137923	0.973919869	1.169735123	1.30281785	1.50945146	1.59886882	1.63667487	1.68001259	2.03115156	2.06213317																																													
0.0949551	0.1439405	0.289565055	0.442138315	0.564462021	0.780571661	1.13010764	1.28147198	1.43958081	1.68472541	1.82735188	1.78573408	1.93390415	2.15908299	2.18218255																																													
0.014342609	0.19287	0.318821317	0.454131676	0.616878649	0.751255874	0.893856306	1.1563452	1.30671643	1.386354753	1.66919794	1.77334777	1.70424223	1.62338903	2.21523384																																													
0.025182262	0.181323803	0.403995291	0.462211481	0.57057962	0.690256019	0.786073755	0.886708131	1.140720555	1.195296148	1.31540647	1.67091711	1.38920291	1.55916182	2.60007725																																													
0.025182262	0.181323803	0.408558886	0.531116861	0.557025009	0.645971991	0.731820729	0.799735963	0.940504639	1.043410635	1.177987108	0.78776004	0.91117821	1.683923327	1.42947008																																													
0.025182262	0.191119721	0.408307359	0.498515995	0.65028662	0.693721134	0.751851661	0.827407009	0.893922017	0.911154686	1.027503913	0.961318351	0.312212337	0.701147853	0.68767494																																													
0.025182262	0.186221762	0.377245193	0.466752468	0.573181866	0.73369985	0.808813471	0.853169951	0.906350768	1.038827227	0.935593796	1.110071766	0.56831773	1.454110485	1.1296406																																													
0.025182262	0.186221762	0.421911581	0.565246646	0.643225276	0.759397562	0.878483343	0.962275785	1.006798006	1.064675052	1.034985041	1.181891891	0.754172472	1.454110485	1.592853037																																													
0.025182262	0.186221762	0.387279	0.521579	0.631983	0.715572	0.799211	0.955081	1.005954	1.040258	1.189235	1.072451	1.208377	0.960739	1.56049																																													
0.025182262	0.186221762	0.393063	0.479856	0.573715	0.689782	0.756873	0.841316	1.010658	1.129811	1.159749	1.26933	1.2145	1.40474	1.56049																																													
0.025182262	0.186221762	0.440141	0.50607	0.573913	0.724034	0.837484	0.883259	0.983697	0.972326	1.271469	1.044234	1.234535	0.910308	1.56049																																													
0.025182262	0.186221762	0.393757	0.548346	0.626292	0.731937	0.841516	0.910812	0.997666	1.125908	1.141965	1.171615	1.255308	1.332588	1.472497																																													
# WAA matrix-2                  
0.084881666 0.195868126 0.313762788 0.459295544 0.588623602 0.697818331 0.796798739 0.914861263 1.056957011 1.147231476 1.290106451 1.387917889 1.43166676 1.407002719 1.522866931      
0.084881666 0.195868126 0.313762788 0.459295544 0.588623602 0.697818331 0.796798739 0.914861263 1.056957011 1.147231476 1.290106451 1.387917889 1.43166676 1.407002719 1.522866931      
0.084881666 0.195868126 0.313762788 0.459295544 0.588623602 0.697818331 0.796798739 0.914861263 1.056957011 1.147231476 1.290106451 1.387917889 1.43166676 1.407002719 1.522866931      
0.084881666 0.195868126 0.313762788 0.459295544 0.588623602 0.697818331 0.796798739 0.914861263 1.056957011 1.147231476 1.290106451 1.387917889 1.43166676 1.407002719 1.522866931      
0.084881666 0.195868126 0.313762788 0.459295544 0.588623602 0.697818331 0.796798739 0.914861263 1.056957011 1.147231476 1.290106451 1.387917889 1.43166676 1.407002719 1.522866931      
0.084881666 0.195868126 0.313762788 0.459295544 0.588623602 0.697818331 0.796798739 0.914861263 1.056957011 1.147231476 1.290106451 1.387917889 1.43166676 1.407002719 1.522866931      
0.084881666 0.195868126 0.313762788 0.459295544 0.588623602 0.697818331 0.796798739 0.914861263 1.056957011 1.147231476 1.290106451 1.387917889 1.43166676 1.407002719 1.522866931      
0.084881666 0.195868126 0.313762788 0.459295544 0.588623602 0.697818331 0.796798739 0.914861263 1.056957011 1.147231476 1.290106451 1.387917889 1.43166676 1.407002719 1.522866931      
0.084881666 0.195868126 0.313762788 0.459295544 0.588623602 0.697818331 0.796798739 0.914861263 1.056957011 1.147231476 1.290106451 1.387917889 1.43166676 1.407002719 1.522866931      
0.084881666 0.195868126 0.313762788 0.459295544 0.588623602 0.697818331 0.796798739 0.914861263 1.056957011 1.147231476 1.290106451 1.387917889 1.43166676 1.407002719 1.522866931      
0.084881666 0.195868126 0.313762788 0.459295544 0.588623602 0.697818331 0.796798739 0.914861263 1.056957011 1.147231476 1.290106451 1.387917889 1.43166676 1.407002719 1.522866931      
0.084881666 0.195868126 0.313762788 0.459295544 0.588623602 0.697818331 0.796798739 0.914861263 1.056957011 1.147231476 1.290106451 1.387917889 1.43166676 1.407002719 1.522866931      
0.084881666 0.195868126 0.313762788 0.459295544 0.588623602 0.697818331 0.796798739 0.914861263 1.056957011 1.147231476 1.290106451 1.387917889 1.43166676 1.407002719 1.522866931      
0.084881666 0.195868126 0.313762788 0.459295544 0.588623602 0.697818331 0.796798739 0.914861263 1.056957011 1.147231476 1.290106451 1.387917889 1.43166676 1.407002719 1.522866931      
0.084881666 0.195868126 0.313762788 0.459295544 0.588623602 0.697818331 0.796798739 0.914861263 1.056957011 1.147231476 1.290106451 1.387917889 1.43166676 1.407002719 1.522866931      
0.084881666 0.195868126 0.313762788 0.459295544 0.588623602 0.697818331 0.796798739 0.914861263 1.056957011 1.147231476 1.290106451 1.387917889 1.43166676 1.407002719 1.522866931      
0.084881666 0.195868126 0.313762788 0.459295544 0.588623602 0.697818331 0.796798739 0.914861263 1.056957011 1.147231476 1.290106451 1.387917889 1.43166676 1.407002719 1.522866931      
0.084881666 0.195868126 0.313762788 0.459295544 0.588623602 0.697818331 0.796798739 0.914861263 1.056957011 1.147231476 1.290106451 1.387917889 1.43166676 1.407002719 1.522866931      
0.084881666 0.195868126 0.313762788 0.459295544 0.588623602 0.697818331 0.796798739 0.914861263 1.056957011 1.147231476 1.290106451 1.387917889 1.43166676 1.407002719 1.522866931      
0.084881666 0.195868126 0.313762788 0.459295544 0.588623602 0.697818331 0.796798739 0.914861263 1.056957011 1.147231476 1.290106451 1.387917889 1.43166676 1.407002719 1.522866931      
0.084881666 0.195868126 0.313762788 0.459295544 0.588623602 0.697818331 0.796798739 0.914861263 1.056957011 1.147231476 1.290106451 1.387917889 1.43166676 1.407002719 1.522866931      
0.084881666 0.195868126 0.313762788 0.459295544 0.588623602 0.697818331 0.796798739 0.914861263 1.056957011 1.147231476 1.290106451 1.387917889 1.43166676 1.407002719 1.522866931      
0.084881666 0.195868126 0.313762788 0.459295544 0.588623602 0.697818331 0.796798739 0.914861263 1.056957011 1.147231476 1.290106451 1.387917889 1.43166676 1.407002719 1.522866931      
0.084881666 0.195868126 0.313762788 0.459295544 0.588623602 0.697818331 0.796798739 0.914861263 1.056957011 1.147231476 1.290106451 1.387917889 1.43166676 1.407002719 1.522866931      
0.084881666 0.195868126 0.313762788 0.459295544 0.588623602 0.697818331 0.796798739 0.914861263 1.056957011 1.147231476 1.290106451 1.387917889 1.43166676 1.407002719 1.522866931      
0.084881666 0.195868126 0.313762788 0.459295544 0.588623602 0.697818331 0.796798739 0.914861263 1.056957011 1.147231476 1.290106451 1.387917889 1.43166676 1.407002719 1.522866931      
0.084881666 0.195868126 0.313762788 0.459295544 0.588623602 0.697818331 0.796798739 0.914861263 1.056957011 1.147231476 1.290106451 1.387917889 1.43166676 1.407002719 1.522866931      
0.084881666 0.195868126 0.313762788 0.459295544 0.588623602 0.697818331 0.796798739 0.914861263 1.056957011 1.147231476 1.290106451 1.387917889 1.43166676 1.407002719 1.522866931      
0.084881666 0.195868126 0.313762788 0.459295544 0.588623602 0.697818331 0.796798739 0.914861263 1.056957011 1.147231476 1.290106451 1.387917889 1.43166676 1.407002719 1.522866931      
0.084881666 0.195868126 0.313762788 0.459295544 0.588623602 0.697818331 0.796798739 0.914861263 1.056957011 1.147231476 1.290106451 1.387917889 1.43166676 1.407002719 1.522866931      
0.084881666 0.195868126 0.313762788 0.459295544 0.588623602 0.697818331 0.796798739 0.914861263 1.056957011 1.147231476 1.290106451 1.387917889 1.43166676 1.407002719 1.522866931      
0.084881666 0.195868126 0.313762788 0.459295544 0.588623602 0.697818331 0.796798739 0.914861263 1.056957011 1.147231476 1.290106451 1.387917889 1.43166676 1.407002719 1.522866931      
0.084881666 0.195868126 0.313762788 0.459295544 0.588623602 0.697818331 0.796798739 0.914861263 1.056957011 1.147231476 1.290106451 1.387917889 1.43166676 1.407002719 1.522866931      
0.084881666 0.195868126 0.313762788 0.459295544 0.588623602 0.697818331 0.796798739 0.914861263 1.056957011 1.147231476 1.290106451 1.387917889 1.43166676 1.407002719 1.522866931      
0.084881666 0.195868126 0.313762788 0.459295544 0.588623602 0.697818331 0.796798739 0.914861263 1.056957011 1.147231476 1.290106451 1.387917889 1.43166676 1.407002719 1.522866931      
0.084881666 0.195868126 0.313762788 0.459295544 0.588623602 0.697818331 0.796798739 0.914861263 1.056957011 1.147231476 1.290106451 1.387917889 1.43166676 1.407002719 1.522866931      
0.084881666 0.195868126 0.313762788 0.459295544 0.588623602 0.697818331 0.796798739 0.914861263 1.056957011 1.147231476 1.290106451 1.387917889 1.43166676 1.407002719 1.522866931      
0.084881666 0.195868126 0.313762788 0.459295544 0.588623602 0.697818331 0.796798739 0.914861263 1.056957011 1.147231476 1.290106451 1.387917889 1.43166676 1.407002719 1.522866931      
0.084881666 0.195868126 0.313762788 0.459295544 0.588623602 0.697818331 0.796798739 0.914861263 1.056957011 1.147231476 1.290106451 1.387917889 1.43166676 1.407002719 1.522866931      
0.084881666 0.195868126 0.313762788 0.459295544 0.588623602 0.697818331 0.796798739 0.914861263 1.056957011 1.147231476 1.290106451 1.387917889 1.43166676 1.407002719 1.522866931      
0.084881666 0.195868126 0.313762788 0.459295544 0.588623602 0.697818331 0.796798739 0.914861263 1.056957011 1.147231476 1.290106451 1.387917889 1.43166676 1.407002719 1.522866931      
0.084881666 0.195868126 0.313762788 0.459295544 0.588623602 0.697818331 0.796798739 0.914861263 1.056957011 1.147231476 1.290106451 1.387917889 1.43166676 1.407002719 1.522866931      
0.084881666 0.195868126 0.313762788 0.459295544 0.588623602 0.697818331 0.796798739 0.914861263 1.056957011 1.147231476 1.290106451 1.387917889 1.43166676 1.407002719 1.522866931      
0.084881666 0.195868126 0.313762788 0.459295544 0.588623602 0.697818331 0.796798739 0.914861263 1.056957011 1.147231476 1.290106451 1.387917889 1.43166676 1.407002719 1.522866931      
0.084881666 0.195868126 0.313762788 0.459295544 0.588623602 0.697818331 0.796798739 0.914861263 1.056957011 1.147231476 1.290106451 1.387917889 1.43166676 1.407002719 1.522866931      
0.084881666 0.195868126 0.313762788 0.459295544 0.588623602 0.697818331 0.796798739 0.914861263 1.056957011 1.147231476 1.290106451 1.387917889 1.43166676 1.407002719 1.522866931      
0.084881666 0.195868126 0.313762788 0.459295544 0.588623602 0.697818331 0.796798739 0.914861263 1.056957011 1.147231476 1.290106451 1.387917889 1.43166676 1.407002719 1.522866931      
0.084881666 0.195868126 0.313762788 0.459295544 0.588623602 0.697818331 0.796798739 0.914861263 1.056957011 1.147231476 1.290106451 1.387917889 1.43166676 1.407002719 1.522866931      
0.084881666 0.195868126 0.313762788 0.459295544 0.588623602 0.697818331 0.796798739 0.914861263 1.056957011 1.147231476 1.290106451 1.387917889 1.43166676 1.407002719 1.522866931      
0.084881666 0.195868126 0.313762788 0.459295544 0.588623602 0.697818331 0.796798739 0.914861263 1.056957011 1.147231476 1.290106451 1.387917889 1.43166676 1.407002719 1.522866931      
0.084881666 0.195868126 0.313762788 0.459295544 0.588623602 0.697818331 0.796798739 0.914861263 1.056957011 1.147231476 1.290106451 1.387917889 1.43166676 1.407002719 1.522866931      
0.084881666 0.195868126 0.313762788 0.459295544 0.588623602 0.697818331 0.796798739 0.914861263 1.056957011 1.147231476 1.290106451 1.387917889 1.43166676 1.407002719 1.522866931      
0.084881666 0.195868126 0.313762788 0.459295544 0.588623602 0.697818331 0.796798739 0.914861263 1.056957011 1.147231476 1.290106451 1.387917889 1.43166676 1.407002719 1.522866931      
0.084881666 0.195868126 0.313762788 0.459295544 0.588623602 0.697818331 0.796798739 0.914861263 1.056957011 1.147231476 1.290106451 1.387917889 1.43166676 1.407002719 1.522866931      
0.084881666 0.195868126 0.313762788 0.459295544 0.588623602 0.697818331 0.796798739 0.914861263 1.056957011 1.147231476 1.290106451 1.387917889 1.43166676 1.407002719 1.522866931      
0.084881666 0.195868126 0.313762788 0.459295544 0.588623602 0.697818331 0.796798739 0.914861263 1.056957011 1.147231476 1.290106451 1.387917889 1.43166676 1.407002719 1.522866931      
0.084881666 0.195868126 0.313762788 0.459295544 0.588623602 0.697818331 0.796798739 0.914861263 1.056957011 1.147231476 1.290106451 1.387917889 1.43166676 1.407002719 1.522866931      
0.084881666 0.195868126 0.313762788 0.459295544 0.588623602 0.697818331 0.796798739 0.914861263 1.056957011 1.147231476 1.290106451 1.387917889 1.43166676 1.407002719 1.522866931      
0.084881666 0.195868126 0.313762788 0.459295544 0.588623602 0.697818331 0.796798739 0.914861263 1.056957011 1.147231476 1.290106451 1.387917889 1.43166676 1.407002719 1.522866931      
0.084881666 0.195868126 0.313762788 0.459295544 0.588623602 0.697818331 0.796798739 0.914861263 1.056957011 1.147231476 1.290106451 1.387917889 1.43166676 1.407002719 1.522866931      
# WAA matrix-3                  
0.084881666	0.195868126	0.313762788	0.459295544	0.588623602	0.697818331	0.796798739	0.914861263	1.056957011	1.147231476	1.290106451	1.387917889	1.43166676	1.407002719	1.522866931																																													
0.084881666	0.195868126	0.313762788	0.459295544	0.588623602	0.697818331	0.796798739	0.914861263	1.056957011	1.147231476	1.290106451	1.387917889	1.43166676	1.407002719	1.522866931																																													
0.084881666	0.195868126	0.313762788	0.459295544	0.588623602	0.697818331	0.796798739	0.914861263	1.056957011	1.147231476	1.290106451	1.387917889	1.43166676	1.407002719	1.522866931																																													
0.084881666	0.195868126	0.313762788	0.459295544	0.588623602	0.697818331	0.796798739	0.914861263	1.056957011	1.147231476	1.290106451	1.387917889	1.43166676	1.407002719	1.522866931																																													
0.084881666	0.195868126	0.313762788	0.459295544	0.588623602	0.697818331	0.796798739	0.914861263	1.056957011	1.147231476	1.290106451	1.387917889	1.43166676	1.407002719	1.522866931																																													
0.084881666	0.195868126	0.313762788	0.459295544	0.588623602	0.697818331	0.796798739	0.914861263	1.056957011	1.147231476	1.290106451	1.387917889	1.43166676	1.407002719	1.522866931																																													
0.084881666	0.195868126	0.311072	0.427458	0.55009	0.674562	0.797415	0.916081	1.028772	1.134344	1.232157	1.321963	1.403799	1.477905	1.544656																																													
0.084881666	0.195868126	0.307228	0.452313	0.576279	0.701144	0.82365	0.941422	1.052838	1.156889	1.253046	1.341142	1.421276	1.49373	1.558912																																													
0.084881666	0.195868126	0.321568	0.433307	0.585158	0.711117	0.834228	0.952199	1.063499	1.167202	1.262849	1.350331	1.429793	1.501553	1.566041																																													
0.084881666	0.195868126	0.313585	0.464989	0.584425	0.738544	0.862507	0.980459	1.091068	1.193594	1.287737	1.373516	1.451177	1.521113	1.58381																																													
0.084881666	0.195868126	0.329852	0.457189	0.6163	0.738007	0.890127	1.008925	1.119505	1.221329	1.314283	1.398545	1.47449	1.542613	1.603475																																													
0.084881666	0.195868126	0.298991	0.579313	0.720039	0.883094	1.001329	1.144476	1.250469	1.345787	1.430982	1.506773	1.573952	1.633328	1.685689																																													
0.084881666	0.195868126	0.332728	0.441983	0.729979	0.872966	1.034031	1.147123	1.28293	1.380174	1.465961	1.541319	1.607317	1.664999	1.71534																																													
0.084881666	0.195868126	0.294369	0.63373	0.759139	1.051895	1.190692	1.340931	1.438571	1.555963	1.633143	1.698221	1.752966	1.798972	1.837634																																													
0.084881666	0.195868126	0.324975	0.425699	0.772108	0.899593	1.190521	1.324595	1.468092	1.557697	1.666336	1.73448	1.790565	1.836587	1.874294																																													
0.084881666	0.195868126	0.32522	0.483367	0.592591	0.941505	1.066786	1.352017	1.477959	1.611767	1.690814	1.788555	1.845853	1.891417	1.92743																																													
0.084881666	0.195868126	0.309436	0.567516	0.738667	0.851723	1.197264	1.31383	1.586623	1.697742	1.815398	1.877776	1.958924	2.000129	2.030383																																													
0.084881666	0.195868126	0.29829	0.499527	0.767809	0.941965	1.052375	1.391079	1.497887	1.759051	1.857499	1.962077	2.011437	2.079959	2.109153																																													
0.084881666	0.195868126	0.28816	0.424556	0.632569	0.902848	1.075247	1.181115	1.513338	1.612421	1.865168	1.954929	2.05086	2.091833	2.152377																																													
0.084881666	0.195868126	0.338035	0.465312	0.611216	0.82203	1.089842	1.25587	1.352645	1.674029	1.761304	2.001863	2.079492	2.163657	2.193437																																													
0.084881666	0.195868126	0.333252	0.4394	0.572117	0.719624	0.929027	1.193194	1.354018	1.444591	1.759219	1.839519	2.073137	2.144034	2.221794																																													
0.084881666	0.195868126	0.369905	0.47498	0.588734	0.723692	0.869227	1.073532	1.330424	1.482577	1.563703	1.868579	1.939175	2.163378	2.22532																																													
0.084881666	0.195868126	0.304231	0.439473	0.548282	0.663136	0.797126	0.940158	1.140893	1.393528	1.541044	1.617383	1.917496	1.98347	2.203279																																													
0.084881666	0.195868126	0.349399	0.40203	0.542521	0.652877	0.76637	0.896842	1.034853	1.229605	1.475721	1.616508	1.68615	1.979767	2.039562																																													
0.084881666	0.195868126	0.321568	0.430801	0.487801	0.62958	0.738802	0.849367	0.97566	1.108692	1.298017	1.538533	1.673746	1.737981	2.026454																																													
0.084881666	0.195868126	0.275451	0.412535	0.52665	0.585088	0.725601	0.831551	0.937447	1.058175	1.185143	1.368209	1.602495	1.731666	1.790154																																													
0.084881666	0.195868126	0.28947	0.422648	0.567631	0.684074	0.740464	0.875682	0.974076	1.070966	1.181882	1.298723	1.47171	1.696219	1.816089																																													
0.084881666	0.195868126	0.303474	0.455308	0.597385	0.744991	0.859126	0.909551	1.036256	1.124504	1.21034	1.309847	1.415331	1.577302	1.791333																																													
0.084881666	0.195868126	0.340274	0.393124	0.549769	0.693264	0.839622	0.950532	0.996355	1.117575	1.199848	1.279516	1.372883	1.472413	1.62872																																													
0.084881666	0.195868126	0.392955	0.516439	0.578744	0.738174	0.879218	1.019239	1.121106	1.156151	1.265629	1.335782	1.403385	1.485052	1.57345																																													
0.084881666	0.195868126	0.361138	0.534251	0.665318	0.729857	0.887321	1.023282	1.156051	1.249273	1.2749	1.374656	1.435133	1.493352	1.566091																																													
0.084881666	0.195868126	0.316379	0.471433	0.650466	0.783277	0.846281	0.999777	1.130077	1.256098	1.341968	1.360007	1.45221	1.505361	1.556611																																													
0.084881666	0.195868126	0.333901	0.390836	0.549886	0.730096	0.861871	0.922196	1.071871	1.197615	1.318673	1.399421	1.41236	1.499618	1.548064																																													
0.084881666	0.195868126	0.354105	0.444891	0.507783	0.668588	0.847253	0.975036	1.029664	1.172548	1.290894	1.404315	1.477463	1.48303	1.563275																																													
0.084881666	0.195868126	0.309331	0.400946	0.494246	0.557878	0.718031	0.895011	1.020389	1.072152	1.211914	1.327037	1.437251	1.507287	1.509895																																													
0.084881666	0.195868126	0.329153	0.431508	0.529679	0.624911	0.686843	0.842601	1.01331	1.131213	1.174832	1.306188	1.412945	1.515044	1.57736																																													
0.084881666	0.195868126	0.300434	0.408751	0.515378	0.614808	0.708932	0.768001	0.919673	1.085512	1.19811	1.236252	1.362158	1.463627	1.560697																																													
0.084881666	0.195868126	0.337797	0.453002	0.569508	0.678547	0.775854	0.86449	0.915727	1.058065	1.213734	1.315836	1.34353	1.459302	1.551131																																													
0.084881666	0.195868126	0.331896	0.44944	0.570636	0.688907	0.796393	0.889684	0.972589	1.016996	1.151892	1.29988	1.394336	1.414615	1.523333																																													
0.084881666	0.195868126	0.345542	0.441977	0.565429	0.688366	0.805105	0.908631	0.996271	1.072442	1.109511	1.236834	1.377283	1.464428	1.477751																																													
0.084881666	0.195868126	0.333214	0.498176	0.602803	0.728668	0.849481	0.96073	1.056421	1.134723	1.200719	1.227287	1.344158	1.474469	1.551969																																													
0.084881666	0.195868126	0.277321	0.403093	0.571805	0.677536	0.802429	0.920728	1.02839	1.119806	1.19345	1.254639	1.276422	1.388651	1.514547																																													
0.084881666	0.195868126	0.307204	0.443658	0.578357	0.749699	0.853116	0.972025	1.081786	1.179272	1.2596	1.3218	1.371598	1.382333	1.484051																																													
0.084881666	0.195868126	0.306246	0.492451	0.638847	0.776474	0.945239	1.041992	1.151392	1.24982	1.334957	1.402541	1.452055	1.489549	1.488579																																													
0.084881666	0.195868126	0.305784	0.457111	0.651412	0.800194	0.935722	1.09906	1.188069	1.288239	1.376611	1.451368	1.50862	1.548115	1.576076																																													
0.084881666	0.195868126	0.351046	0.532902	0.696418	0.894309	1.03993	1.167289	1.318968	1.394083	1.479114	1.55186	1.611064	1.653231	1.678375																																													
0.084881666	0.195868126	0.269194	0.446664	0.633652	0.79868	0.995241	1.137422	1.259873	1.405702	1.474443	1.552896	1.619094	1.671947	1.708072																																													
0.084881666	0.195868126	0.246138	0.431514	0.617696	0.80725	0.970019	1.160741	1.29459	1.40711	1.54212	1.599693	1.66703	1.722446	1.765044																																													
0.084881666	0.195868126	0.277195	0.394309	0.587637	0.776162	0.963654	1.121093	1.30421	1.428994	1.531637	1.656452	1.703878	1.761374	1.807428																																													
0.084881666	0.195868126	0.344036	0.437337	0.563045	0.758905	0.945201	1.126933	1.276152	1.449471	1.563581	1.655206	1.769055	1.805845	1.853221																																													
0.084881666	0.195868126	0.410493	0.488791	0.58986	0.717857	0.911703	1.092792	1.267094	1.407456	1.571127	1.675277	1.756989	1.861224	1.888867																																													
0.084881666	0.195868126	0.373447	0.448184	0.528505	0.63017	0.757642	0.950132	1.129287	1.301282	1.439133	1.60021	1.701779	1.780988	1.882841																																													
0.084881666	0.195868126	0.29962	0.434905	0.512939	0.594232	0.695042	0.820304	1.009639	1.185034	1.352933	1.486555	1.643423	1.74091	1.816236																																													
0.084881666	0.195868126	0.335214	0.417055	0.558643	0.638534	0.718192	0.814778	0.934012	1.116163	1.283729	1.443549	1.569129	1.718197	1.808264																																													
0.084881666	0.195868126	0.357598	0.430726	0.517694	0.660791	0.739354	0.815576	0.907259	1.02065	1.196434	1.357429	1.510708	1.629944	1.772977																																													
0.084881666	0.195868126	0.433823	0.546216	0.629467	0.719417	0.85989	0.931668	0.998208	1.078352	1.179169	1.341976	1.490055	1.630805	1.738123																																													
0.084881666	0.195868126	0.374715	0.48507	0.600214	0.684275	0.773512	0.912141	0.981288	1.044693	1.121421	1.218713	1.37801	1.522685	1.660197																																													
0.084881666	0.195868126	0.302947	0.426239	0.539358	0.655317	0.738661	0.826045	0.962029	1.028024	1.087995	1.161178	1.254941	1.410816	1.552236																																													
0.084881666	0.195868126	0.340108	0.446412	0.577403	0.692791	0.806753	0.884937	0.964956	1.092163	1.148595	1.198696	1.262054	1.346289	1.493099																																													
0.084881666	0.195868126	0.319566	0.490613	0.604994	0.738365	0.851658	0.960207	1.030665	1.101476	1.218651	1.264729	1.304523	1.357884	1.432609																																													
# WAA matrix-3                  
0.032286703	0.077214954	0.181031932	0.34010262	0.411284839	0.777489693	1.05063096	1.187602281	1.401295055	1.566716052	2.23454972	1.990128678	1.90356658	1.523858434	2.945983171																																													
0.032286703	0.077214954	0.181031932	0.34010262	0.411284839	0.777489693	1.05063096	1.187602281	1.401295055	1.566716052	2.23454972	1.990128678	1.90356658	1.523858434	2.945983171																																													
0.032286703	0.077214954	0.181031932	0.34010262	0.411284839	0.777489693	1.05063096	1.187602281	1.401295055	1.566716052	2.23454972	1.990128678	1.90356658	1.523858434	2.945983171																																													
0.032286703	0.077214954	0.181031932	0.34010262	0.411284839	0.777489693	1.05063096	1.187602281	1.401295055	1.566716052	2.23454972	1.990128678	1.90356658	1.523858434	2.945983171																																													
0.032286703	0.077214954	0.181031932	0.34010262	0.411284839	0.777489693	1.05063096	1.187602281	1.401295055	1.566716052	2.23454972	1.990128678	1.90356658	1.523858434	2.945983171																																													
0.032286703	0.077214954	0.181031932	0.34010262	0.411284839	0.777489693	1.05063096	1.187602281	1.401295055	1.566716052	2.23454972	1.990128678	1.90356658	1.523858434	2.945983171																																													
0.032286703	0.077214954	0.181031932	0.34010262	0.411284839	0.777489693	1.05063096	1.187602281	1.401295055	1.566716052	2.23454972	1.990128678	1.90356658	1.523858434	2.945983171																																													
0.032286703	0.077214954	0.181031932	0.34010262	0.411284839	0.777489693	1.05063096	1.187602281	1.401295055	1.566716052	2.23454972	1.990128678	1.90356658	1.523858434	2.945983171																																													
0.032286703	0.077214954	0.181031932	0.34010262	0.411284839	0.777489693	1.05063096	1.187602281	1.401295055	1.566716052	2.23454972	1.990128678	1.90356658	1.523858434	2.945983171																																													
0.032286703	0.077214954	0.181031932	0.34010262	0.411284839	0.777489693	1.05063096	1.187602281	1.401295055	1.566716052	2.23454972	1.990128678	1.90356658	1.523858434	2.945983171																																													
0.032286703	0.077214954	0.181031932	0.34010262	0.411284839	0.777489693	1.05063096	1.187602281	1.401295055	1.566716052	2.23454972	1.990128678	1.90356658	1.523858434	2.945983171																																													
0.032286703	0.077214954	0.181031932	0.34010262	0.411284839	0.777489693	1.05063096	1.187602281	1.401295055	1.566716052	2.23454972	1.990128678	1.90356658	1.523858434	2.945983171																																													
0.032286703	0.077214954	0.181031932	0.34010262	0.411284839	0.777489693	1.05063096	1.187602281	1.401295055	1.566716052	2.23454972	1.990128678	1.90356658	1.523858434	2.945983171																																													
0.032286703	0.077214954	0.181031932	0.34010262	0.411284839	0.777489693	1.05063096	1.187602281	1.401295055	1.566716052	2.23454972	1.990128678	1.90356658	1.523858434	2.945983171																																													
0.032286703	0.077214954	0.181031932	0.34010262	0.411284839	0.777489693	1.05063096	1.187602281	1.401295055	1.566716052	2.23454972	1.990128678	1.90356658	1.523858434	2.945983171																																													
0.032286703	0.077214954	0.181031932	0.34010262	0.411284839	0.777489693	1.05063096	1.187602281	1.401295055	1.566716052	2.23454972	1.990128678	1.90356658	1.523858434	2.945983171																																													
0.032286703	0.077214954	0.181031932	0.34010262	0.411284839	0.777489693	1.05063096	1.187602281	1.401295055	1.566716052	2.23454972	1.990128678	1.90356658	1.523858434	2.945983171																																													
0.032286703	0.077214954	0.181031932	0.34010262	0.411284839	0.777489693	1.05063096	1.187602281	1.401295055	1.566716052	2.23454972	1.990128678	1.90356658	1.523858434	2.945983171																																													
0.032286703	0.077214954	0.181031932	0.34010262	0.411284839	0.777489693	1.05063096	1.187602281	1.401295055	1.566716052	2.23454972	1.990128678	1.90356658	1.523858434	2.945983171																																													
0.032286703	0.077214954	0.181031932	0.34010262	0.411284839	0.777489693	1.05063096	1.187602281	1.401295055	1.566716052	2.23454972	1.990128678	1.90356658	1.523858434	2.945983171																																													
0.02110875	0.100921491	0.2092313	0.342208428	0.536214376	0.773798595	1.015548417	1.452548113	1.405551166	1.667173269	1.528755165	1.577053366	2.013323555	2.126791623	1.834381147																																													
0.017048204	0.084425263	0.215269676	0.314233521	0.432480015	0.602643214	0.925661639	1.313140857	1.268111301	1.473242298	1.985148233	1.687623767	1.904738606	1.426141515	2.122131762																																													
0.030844022	0.093488997	0.228603904	0.368481131	0.480965669	0.715013866	0.909883423	1.212701019	1.723101627	1.436339374	1.532255321	1.776502202	2.037584509	1.652322718	2.634222682																																													
0.018656265	0.07345813	0.168969714	0.309572983	0.413697711	0.607613298	0.766757317	1.017531233	1.304327767	1.649841492	1.276106871	1.380890394	1.982826288	2.233433966	2.222914054																																													
0.023125667	0.122610028	0.253187488	0.331759174	0.42218243	0.546805381	0.718040744	0.848685219	1.008413862	1.261388267	1.58083564	1.612164576	2.201603997	2.044836159	2.394966792																																													
0.01891217	0.132748101	0.280945688	0.33049288	0.445718287	0.493964573	0.589816257	0.81436595	0.908014134	1.03984479	1.229934396	1.28469328	1.570747191	0.686443372	1.74033498																																													
0.022386493	0.082373277	0.168913654	0.27703804	0.370971388	0.549128174	0.661911368	0.836812096	1.027490598	1.000038881	1.115421973	1.01362491	1.260065223	1.143829707	1.102760002																																													
0.029263454	0.097315623	0.187397613	0.355865191	0.478474491	0.54480594	0.614302789	0.734885118	1.029256003	0.9793391	1.023303002	1.187875302	0.85459447	1.390104852	1.714437854																																													
0.030101684	0.144805467	0.200617157	0.333014756	0.565419119	0.650029392	0.776533186	0.855621817	1.015924976	1.10457412	1.287470965	1.370090659	1.347147814	1.732752381	1.691324457																																													
0.02967615	0.134166371	0.254852925	0.399708407	0.463904618	0.570071292	0.756097395	0.770657536	0.928946363	1.00788587	1.137849621	1.520173177	1.53897789	1.42639365	1.562767824																																													
0.015796679	0.097503762	0.249518569	0.408695574	0.464365433	0.548045788	0.661875665	0.783197558	0.986840979	0.999095887	1.148661577	1.285484262	1.508884801	1.576480218	1.908970144																																													
0.024661379	0.116858323	0.211795578	0.400950723	0.536199619	0.672016358	0.648230493	1.046299661	1.165820979	1.106630748	1.219347603	1.240531816	1.36720357	1.436163685	1.450570554																																													
0.018422328	0.105172554	0.168529995	0.362556789	0.478139928	0.648494011	0.623746168	0.785125976	0.910894122	1.280940734	1.222214956	1.254044881	1.399422362	1.421749006	1.740113739																																													
0.021485247	0.111520004	0.151066851	0.299701567	0.486575594	0.583185248	0.757789598	0.819824617	0.97935775	1.023410429	1.350087412	1.461437658	1.48748571	1.639299401	1.963852952																																													
0.017011448	0.094814577	0.188844234	0.276878306	0.38169378	0.53046664	0.673518902	0.776023231	0.996496753	0.965860409	1.211314835	1.464772406	1.089919461	1.566396192	1.951038143																																													
0.01585018	0.080853964	0.212802061	0.332301557	0.446031943	0.519240559	0.811083052	0.887032743	1.07765657	1.292644496	1.591887888	1.414569471	1.515567814	1.669169419	1.905073716																																													
0.020449711	0.096846528	0.216293028	0.350850404	0.392250309	0.526305547	0.615737943	0.881696945	1.037549389	1.008255893	1.278596059	1.132209871	1.666060137	1.759817257	2.192308274																																													
0.017420565	0.084771321	0.219144845	0.398123938	0.470043993	0.520967397	0.722163132	0.759368753	0.924925488	1.034916247	1.235952745	1.338122243	1.781745107	1.625571684	2.047886854																																													
0.021595336	0.092340419	0.201417214	0.355504785	0.616727296	0.729437205	0.749937223	1.000419082	0.98182621	1.03086099	1.277821082	1.419050428	1.473561277	1.765573578	1.539116659																																													
0.025414567	0.107211208	0.268622681	0.402463022	0.543860731	0.684979813	0.712800083	0.904262258	1.006334625	1.0534455	1.009736444	1.139010868	1.474134337	1.409576041	2.108250833																																													
0.031641526	0.109468265	0.3416501	0.418994071	0.647751011	0.709831565	0.886408711	0.868749085	1.123543497	1.239423802	1.268921352	1.284637495	1.368588846	1.747320555	1.780308386																																													
0.034893861	0.202284175	0.28382298	0.515738276	0.595007346	0.749772215	0.894926789	0.931529915	1.119220169	1.026839902	1.278626643	1.55157466	1.537060121	2.375172932	1.712005434																																													
0.033687977	0.112223371	0.23066996	0.394157556	0.539363412	0.698344075	0.858539158	0.930551575	0.992545718	1.222539252	1.383085522	1.229117395	1.400691601	1.50443394	1.681657455																																													
0.009684458	0.086595627	0.178795544	0.457327255	0.604509217	0.679087829	0.788690112	0.865782177	1.057634269	1.171101703	1.278714566	1.336332993	1.668646035	1.518886689	1.703814084																																													
0.015099107	0.099963123	0.294494915	0.492992588	0.637473975	0.809543218	0.92833197	1.059545109	1.001947951	1.314501703	1.308706011	1.268206704	1.416606464	1.367229721	1.385353482																																													
0.018576931	0.059191822	0.21983689	0.491126403	0.600913822	0.730420948	0.857303754	0.94602091	0.987454569	1.15356588	1.639521562	1.372384707	1.708225154	1.539505306	1.681942631																																													
0.019493022	0.070277159	0.241368926	0.508742323	0.688201023	0.814733834	1.009671828	1.067612671	1.120889469	1.358998635	1.449253661	1.768964691	1.76667965	2.049175751	2.485980073																																													
0.022667518	0.069353018	0.244198637	0.495735772	0.657447947	0.804058249	1.09667581	1.139771999	1.259796869	1.37646921	1.190452766	1.389302068	1.62876289	2.160626434	2.221208067																																													
0.018447313	0.081244717	0.216207593	0.510739332	0.653306399	0.785462717	0.906992798	1.06617128	1.158907827	1.245591751	1.358049866	1.419215829	1.364557266	1.496288037	2.015882598																																													
0.017112088	0.075935575	0.284869936	0.409726058	0.591670222	0.738270068	0.865179156	1.00838303	1.353602245	1.203433122	1.340426967	1.424364903	1.499627232	1.710909761	1.980927223																																													
0.020464733	0.066533424	0.22758485	0.516289407	0.577090293	0.720653888	0.973431704	1.172608503	1.265149426	1.460853394	1.513264588	1.40364226	1.717071731	1.821965585	1.965128131																																													
0.018601338	0.112635311	0.392705715	0.44526364	0.567320521	0.693242669	0.736620622	0.977807115	1.135733768	1.335616095	1.53386216	1.483801887	1.637674054	1.638323983	2.012399264																																													
0.019863994	0.090521102	0.346922816	0.4421835	0.566480773	0.675397396	0.741834701	0.864183709	1.063738008	1.270077838	1.545193956	1.454989784	1.44556212	1.481606303	1.595835914																																													
0.021832756	0.090403608	0.278174174	0.523996043	0.573843599	0.687664217	0.764497127	0.794738061	0.883473063	0.918824446	1.193459596	1.846486896	1.243564121	1.228360325	1.39272851																																													
0.026187032	0.096255671	0.241680719	0.488023818	0.621450126	0.649307802	0.739666235	0.782472709	0.888836025	0.922830766	0.997859221	1.012585791	1.323337132	1.02	1.813203635																																													
0.023780955	0.101379058	0.209517374	0.441549187	0.575455487	0.664682712	0.756219352	0.750222132	0.845314093	0.885737992	0.722257172	0.838246168	0.876	1.073925018	0.963644922																																													
0.026255386	0.111565442	0.292266668	0.505461886	0.641915113	0.714738814	0.82308407	0.898603535	0.901039701	0.989176181	0.985561591	1.042874285	1.067753096	1.12	1.389859023																																													
0.023258416	0.148368616	0.277940528	0.439964085	0.589726342	0.695618089	0.774388064	0.854262862	0.959977259	1.233140976	1.02254542	1.349963758	1.306771594	0.927339745	1.388902527																																													
0.020477267	0.104115459	0.347386212	0.452085896	0.582679606	0.668195509	0.763919301	0.852686029	0.944894156	0.97167025	1.12161811	1.473753268	1.241662666	0.895335968	1.247468824																																													
0.020477267 0.104115459 0.3152439 0.4181467 0.5299616 0.6417799 0.7841579 0.9245612 0.9791068 1.023728 1.165844 1.1374 1.44525 1.845182 1.428 
# WEIGHT AT AGE POINTERS                
1 # fleet 1 catch                
2 # fleet 1 discards (not used)              
1 # total catch                 
2 # total discards (not used)               
3 # SSB                  
3 # Jan 1                 
# Selectivity blocks (blocks within years)               
# Fleet 1 Selectivity Block Assignment               
1                    
1                    
1                    
1                    
1                    
1                    
1                    
1                    
1                    
1                    
1                    
1                    
1                    
1                    
1                    
1                    
1                    
1                    
1                    
1                    
1                    
1                    
1                    
1                    
1                    
1                    
1                    
1                    
1                    
1                    
1                    
1                    
1                    
1                    
1                    
1                    
1                    
1                    
1                    
1                    
1                    
1                    
1                    
1                    
1                    
1                    
1                    
1                    
1                    
1                    
1                    
1                    
1                    
1                    
1                    
1                    
1                    
# Selectivity options for each block               
1                    
# Selectivity Block #1 Data                
0.1 1 0 1                 
1 -1 0 1                 
0.42 1 0 1                 
0.58 1 0 1                 
0.74 1 0 1                 
0.9 1 0 1                 
0.9 1 0 1                 
0.9 1 0 1                 
0.9 1 0 1                 
0.9 1 0 1                 
0.9 1 0 1                 
0.9 1 0 1                 
0.9 1 0 1                 
0.9 1 0 1                 
0.9 1 0 1                 
0.9 1 0 1                 
0.9 1 0 1                 
1 2 0 1                 
0.9 3 0 1                 
0.5 1 0 1                 
0.6 1 0 1                 
# Selectivity start age by fleet               
1                    
# Selectivity end age by fleet               
15                    
# Age range for average F               
4 8                   
# Average F report option                
1                    
# Use likelihood constants?                 
0                    
# Release Mortality by fleet                
0                    
# Catch Data                  
# Fleet-1 Catch Data                 
8348.82909 34808.82413 54589.36024 63837.33458 31469.09466 88499.03912 39818.25347 8348.82909 0 0 0 0 0 0 0 174.792     
7167.558318 7752.799318 103271.5156 278365.304 68165.14883 16967.9424 16383.20722 7752.799318 0 0 0 0 0 0 0 230.551     
16931.95224 100242.0651 34162.89984 250230.5251 157780.2076 14384.53562 15732.99277 6143.103821 0 0 0 0 0 0 0 261.678     
14095.60672 164046.2404 859873.6999 130566.3827 238227.2183 56561.09731 17091.31399 8457.06625 0 0 0 0 0 0 0 550.362     
57332.28756 310893.5064 244057.7642 815481.6894 186883.8676 53214.12391 63667.92393 9028.281841 0 0 0 0 0 0 0 702.181     
33595.56127 182571.4362 1051109.851 722549.473 248178.683 5275.771136 27791.0686 17763.67019 0 0 0 0 0 0 0 862.789     
730139.2976 1109200.465 1743178.346 822998.4547 159509.8335 51899.96424 25947.6533 14755.36989 0 0 0 0 0 0 0 1256.565     
766631.4404 228953.4312 1278923.72 858486.1763 1272710.494 123629.7562 81151.86375 22791.09436 0 0 0 0 0 0 0 1743.763     
154980.5994 747563.922 1724546.274 1381150.926 578672.152 226977.4414 86154.57717 31239.72562 0 0 0 0 0 0 0 1874.534     
36292.92043 327213.5008 396114.2846 861109.7862 659145.8312 450261.7956 250525.1804 181458.0799 81436.50004 14668.48379 1845.789645 489.1668671 105.9861545 450.0335178 0 1758.919     
117669.9902 2558869.746 945703.3303 268985.6289 361318.257 195050.6143 124939.7409 105260.9431 103314.9017 43453.50319 17655.10885 4610.322541 4600.616598 820.1521151 713.386751 1588.39     
34261.36264 602724.0627 2774608.909 213296.3329 56744.00327 106569.9625 102074.2364 55621.07438 32733.37725 23048.11554 5698.864135 2253.878708 362.5456142 465.2133988 0 1356.736     
594.6777312 357288.3277 1351750.057 909815.3013 89653.61476 41377.67654 57323.9599 66493.89051 51725.06906 25487.88756 11762.72552 8045.989703 2072.451893 0 0 1177.822     
104313.6727 685805.9103 916809.5242 664296.338 238490.9831 53048.45352 19466.05221 28080.40334 22459.33848 18037.24952 9303.831498 4615.918782 3403.09789 678.4043801 187.7380284 978.37     
29425.35217 455249.9303 752904.8878 638646.4555 368195.6539 99685.03916 28765.59091 17344.39044 19663.32909 15812.27818 11140.19104 4254.238342 1764.250479 540.0268085 169.0943672 979.431     
89557.59479 479586.5883 635684.3424 371035.9816 346649.1084 190313.2899 49701.06419 22700.01618 31680.71575 24273.50911 15558.0814 6958.285023 2614.174856 467.0598615 503.3363555 935.714     
8958.450094 424009.6166 754885.9957 406652.342 231231.9429 193463.8812 76775.29417 34476.93052 19944.4324 21934.21209 23335.49668 14570.25064 7088.590159 2300.682771 1110.368133 958.28     
597.7656217 75751.96249 1062546.645 669292.157 238163.9693 107935.481 54205.02153 31051.87066 16890.30114 9808.375602 7878.185847 4825.474389 1594.802174 661.6489706 346.7953225 973.502     
4490.620862 23967.03092 152624.266 1108427.337 399310.9334 98062.27514 34016.92672 34054.82226 20355.58646 8585.233386 5123.476291 3007.010678 1758.35281 651.8031968 341.0598123 955.964     
5187.59418 121326.5101 161431.2902 320213.4442 835814.9634 223307.5426 42375.46822 25289.96791 20266.60589 11357.01107 7776.035874 5012.651224 3600.611652 1779.776806 389.1588201 981.45     
1913.158796 41769.45494 80794.71168 392657.2772 448317.4673 596309.6715 122026.6433 32428.21842 22876.56978 14263.81886 6471.498331 2296.851457 2669.935104 1522.39346 1849.504714 1092.055     
2436.642152 50859.81752 351324.1608 112205.867 337040.5185 296265.2497 408425.109 103648.4222 33705.99833 23798.40254 22878.24719 9826.197436 8686.620423 3694.777642 4733.491471 1139.676     
2818.957152 78487.66168 84200.05306 683042.2552 195364.5298 345001.9997 202454.747 195509.7601 54459.49653 13852.73528 3047.974147 2353.475456 245.7743356 1085.503315 0 1141.993     
0 16299.92832 91876.03993 63913.02627 340532.5651 114376.5959 100869.2213 74659.64521 203631.5647 44525.27623 31870.77185 17667.24621 23819.04108 5020.691361 6585.611673 859.416     
0 9657.853727 410916.1771 381607.26 228208.7138 492719.2102 203449.9217 94983.11619 35464.385 87607.27023 16517.7675 9243.12362 3403.1681 4972.79257 5605.80168 1228.721     
0 4297.000683 49717.15054 134374.9817 406828.3129 150375.7188 516051.9248 86868.26877 93575.19346 29240.84029 116361.6845 9816.659741 3595.580878 2310.180824 5349.13039 1229.6     
1434.714915 36060.5673 62244.11449 239833.9661 219335.8583 522054.9818 141191.5921 402588.255 71796.79744 111358.2981 9878.927965 65634.39163 9281.766039 5107.356153 10063.99093 1455.193     
308.3957353 89588.98004 35129.95487 70406.36488 120193.6157 144025.7317 403487.1483 64500.27258 231837.2791 23324.92724 113951.5544 14441.5348 69890.48283 17287.34096 39585.39314 1195.64363     
1990.731803 89425.91765 680006.4841 132077.0029 84034.93461 111676.6862 138044.1878 258323.7536 104134.3606 154592.3531 58670.19479 45975.30171 13896.26647 43805.73546 32775.1916 1390.29935     
94.61434554 6921.886211 243777.5636 1145155.345 108092.6879 73987.7205 68578.41199 53133.25123 91707.24585 20474.9902 35236.76102 10869.2115 13511.65622 7310.017475 16024.51119 1326.60232     
1168.318271 35606.47125 58639.631 347568.678 1067726.569 180559.7131 57767.15183 18737.37271 12373.43705 20256.55506 9186.408011 10154.9408 7580.0757 4060.344234 8043.884472 1329.35166     
0 362.6922478 77232.57302 148679.0512 407346.1423 768076.0286 122091.3445 32017.7161 11216.31212 8122.962208 17707.53039 5235.372521 6661.656016 1349.528251 9094.073956 1264.24689     
0 16757.67475 52079.06214 82894.6005 161994.3629 363900.5248 483141.0542 186588.75 32684.7407 14142.29594 8464.682412 8685.18405 4516.906246 5946.597778 5041.655415 1192.78109     
1637.243149 77615.26462 39126.87915 107322.2748 471230.8104 281734.3219 251872.8082 199460.8437 65234.00086 13967.75651 5916.411403 5259.433367 3268.411172 4433.483072 9968.012811 1124.43305     
220.6906521 42445.12678 85852.03755 71118.84354 155199.9006 698946.3781 202594.6635 131330.0343 107798.2605 29193.6597 6134.077799 6217.12913 2445.863212 3568.632218 5626.743869 1102.15914     
192.8617056 9699.072263 295944.9287 225705.7637 102849.0821 160523.2262 473192.0755 131355.5788 56617.19379 34292.49379 3674.649424 2278.728364 817.8932581 399.4082194 1856.149362 989.68031     
0 15451.85518 80892.91121 429154.7056 349681.8752 105972.0841 171712.2905 360417.977 86627.23861 29687.54774 22451.91378 5377.861695 1350.931969 633.2742105 945.69505 1132.70985     
0 3098.649899 47113.09978 155457.7164 585314.4357 412406.7316 136502.5523 127604.246 158042.9225 59241.77333 34590.8764 16075.42956 5449.263926 3726.625643 1992.289716 1387.19702     
901.3754785 47229.09354 109236.5248 214600.4611 289000.6811 605721.1902 271732.4764 101222.3449 86758.97171 97313.02875 34086.14357 15424.35886 11078.31336 2684.475668 1845.952351 1480.77388     
0 14199.13249 411171.0758 325533.6236 369534.803 309078.6376 333348.0403 159774.4135 49862.13198 38689.30799 36349.27103 22876.67924 6813.790053 3477.478906 3215.460999 1490.779227     
0 477.2799674 90977.20378 833323.9752 488330.5702 241260.8969 170097.9239 156696.85 63837.73757 15650.29939 18738.9565 27031.16897 9025.359955 6472.14675 7701.429424 1480.551669     
0 4161.442582 51335.20232 401339.2702 863304.3709 485838.3836 158337.6169 69000.88969 68657.81443 30949.31477 9669.925499 8969.562781 3041.957445 2255.123397 2809.23949 1483.021809     
0 10022.97856 83567.81482 294649.6914 618205.3836 595316.0815 284944.9793 110370.5425 49736.35844 40859.15858 17069.39609 8300.388939 8395.264034 4568.697379 7113.584664 1488.031045     
1634.417774 16974.37125 60715.6512 138008.3525 390003.3719 510560.4659 301223.67 139981.0776 47755.0275 27516.647 24304.57266 9535.101176 6082.50296 2833.416555 11413.38583 1354.501789     
0 26041.76327 57916.03489 79887.10682 149734.8527 310231.3178 243459.1741 150224.418 83009.63754 21911.44649 18509.09593 14056.33067 8935.425952 2841.90238 12904.60772 990.578068     
0 1321.271242 176780.625 200888.0821 82773.66274 113520.6558 123994.951 104546.7617 66267.65434 40661.8939 24017.99524 7645.911742 8237.529733 3349.50789 9056.059437 810.784346     
1043.789296 27277.4775 30990.17975 560503.6672 221656.8067 55262.21181 42651.3717 56834.63649 53116.49181 31911.4183 16074.07868 8834.681471 6257.377228 4751.442908 5555.67609 810.2065048     
442.9447894 11511.11266 194512.7059 116626.4996 816618.6438 286871.5055 64650.20269 38033.8536 38686.53667 40599.64908 25497.43957 12958.17158 1838.906044 4124.966723 4271.972011 1199.041168     
0 23892.02182 118770.5078 951241.656 175038.317 436476.2442 141001.9706 37243.17298 17761.45944 14796.15991 16339.70332 13942.74624 7856.521545 5962.576584 3045.189089 1205.212137     
1760.783211 830.622427 65810.88485 344664.7261 962632.9168 196647.084 157040.8287 69566.0886 20235.27567 13433.40723 12614.57463 12045.69746 8007.543197 4891.22903 5597.464608 1270.76509     
0 39966.96867 31739.58057 170228.3437 401153.7627 759382.1976 212299.3265 87165.7754 29430.1384 9101.307792 4675.841583 4788.567157 4524.23397 2939.05552 6196.690624 1297.41948     
0 15634.68692 634836.8547 197917.236 228854.3713 386682.7327 513293.6279 88838.90686 42957.11904 17469.3762 3241.256484 2170.404447 3348.700565 2768.731434 1291.510397 1321.580583     
0 557.700304 92232.68265 1395415.975 159666.7893 176441.2198 175535.3871 223650.3765 35141.69892 13377.20413 7894.646998 503.125387 1356.504321 757.7754788 1046.815285 1352.659289     
0 1985.416196 29499.30834 554995.9127 899068.0297 213600.0701 149009.4743 123477.3297 97508.52413 21567.69127 7901.446973 6328.009503 508.7442893 239.9862228 139.3762411 1359.273639     
0 1398.778037 13865.60544 114696.4192 1222998.439 506640.1027 106057.792 82603.2129 61209.18402 26731.99351 4210.050429 1221.950903 333.3050952 666.0220943 463.6611042 1379.306     
769.3577833 11024.41075 13041.32705 17340.45465 154749.146 907697.795 417356.8019 94221.90145 52800.98669 52202.88172 9857.736153 3093.609884 769.2514016 0 0 1387     
-999 -999 -999 -999 -999 -999 -999 -999 -999 -999 -999 -999 -999 -999 -999 1425     
# Discards at age by fleet               
# Fleet-1 Discards Data                 
0 0 0 0 0 0 0 0 0 0 0 0 0 0 0 0 
0 0 0 0 0 0 0 0 0 0 0 0 0 0 0 0 
0 0 0 0 0 0 0 0 0 0 0 0 0 0 0 0 
0 0 0 0 0 0 0 0 0 0 0 0 0 0 0 0 
0 0 0 0 0 0 0 0 0 0 0 0 0 0 0 0 
0 0 0 0 0 0 0 0 0 0 0 0 0 0 0 0 
0 0 0 0 0 0 0 0 0 0 0 0 0 0 0 0 
0 0 0 0 0 0 0 0 0 0 0 0 0 0 0 0 
0 0 0 0 0 0 0 0 0 0 0 0 0 0 0 0 
0 0 0 0 0 0 0 0 0 0 0 0 0 0 0 0 
0 0 0 0 0 0 0 0 0 0 0 0 0 0 0 0 
0 0 0 0 0 0 0 0 0 0 0 0 0 0 0 0 
0 0 0 0 0 0 0 0 0 0 0 0 0 0 0 0 
0 0 0 0 0 0 0 0 0 0 0 0 0 0 0 0 
0 0 0 0 0 0 0 0 0 0 0 0 0 0 0 0 
0 0 0 0 0 0 0 0 0 0 0 0 0 0 0 0 
0 0 0 0 0 0 0 0 0 0 0 0 0 0 0 0 
0 0 0 0 0 0 0 0 0 0 0 0 0 0 0 0 
0 0 0 0 0 0 0 0 0 0 0 0 0 0 0 0 
0 0 0 0 0 0 0 0 0 0 0 0 0 0 0 0 
0 0 0 0 0 0 0 0 0 0 0 0 0 0 0 0 
0 0 0 0 0 0 0 0 0 0 0 0 0 0 0 0 
0 0 0 0 0 0 0 0 0 0 0 0 0 0 0 0 
0 0 0 0 0 0 0 0 0 0 0 0 0 0 0 0 
0 0 0 0 0 0 0 0 0 0 0 0 0 0 0 0 
0 0 0 0 0 0 0 0 0 0 0 0 0 0 0 0 
0 0 0 0 0 0 0 0 0 0 0 0 0 0 0 0 
0 0 0 0 0 0 0 0 0 0 0 0 0 0 0 0 
0 0 0 0 0 0 0 0 0 0 0 0 0 0 0 0 
0 0 0 0 0 0 0 0 0 0 0 0 0 0 0 0 
0 0 0 0 0 0 0 0 0 0 0 0 0 0 0 0 
0 0 0 0 0 0 0 0 0 0 0 0 0 0 0 0 
0 0 0 0 0 0 0 0 0 0 0 0 0 0 0 0 
0 0 0 0 0 0 0 0 0 0 0 0 0 0 0 0 
0 0 0 0 0 0 0 0 0 0 0 0 0 0 0 0 
0 0 0 0 0 0 0 0 0 0 0 0 0 0 0 0 
0 0 0 0 0 0 0 0 0 0 0 0 0 0 0 0 
0 0 0 0 0 0 0 0 0 0 0 0 0 0 0 0 
0 0 0 0 0 0 0 0 0 0 0 0 0 0 0 0 
0 0 0 0 0 0 0 0 0 0 0 0 0 0 0 0 
0 0 0 0 0 0 0 0 0 0 0 0 0 0 0 0 
0 0 0 0 0 0 0 0 0 0 0 0 0 0 0 0 
0 0 0 0 0 0 0 0 0 0 0 0 0 0 0 0 
0 0 0 0 0 0 0 0 0 0 0 0 0 0 0 0 
0 0 0 0 0 0 0 0 0 0 0 0 0 0 0 0 
0 0 0 0 0 0 0 0 0 0 0 0 0 0 0 0 
0 0 0 0 0 0 0 0 0 0 0 0 0 0 0 0 
0 0 0 0 0 0 0 0 0 0 0 0 0 0 0 0 
0 0 0 0 0 0 0 0 0 0 0 0 0 0 0 0 
0 0 0 0 0 0 0 0 0 0 0 0 0 0 0 0 
0 0 0 0 0 0 0 0 0 0 0 0 0 0 0 0 
0 0 0 0 0 0 0 0 0 0 0 0 0 0 0 0 
0 0 0 0 0 0 0 0 0 0 0 0 0 0 0 0 
0 0 0 0 0 0 0 0 0 0 0 0 0 0 0 0 
0 0 0 0 0 0 0 0 0 0 0 0 0 0 0 0 
0 0 0 0 0 0 0 0 0 0 0 0 0 0 0 0 
0 0 0 0 0 0 0 0 0 0 0 0 0 0 0 0 
0 0 0 0 0 0 0 0 0 0 0 0 0 0 0 0 
0 0 0 0 0 0 0 0 0 0 0 0 0 0 0 0 
0 0 0 0 0 0 0 0 0 0 0 0 0 0 0 0 
# Release proportion at age by fleet              
# Fleet-1 Release Data                 
0 0 0 0 0 0 0 0 0 0 0 0 0 0 0 0 
0 0 0 0 0 0 0 0 0 0 0 0 0 0 0 0 
0 0 0 0 0 0 0 0 0 0 0 0 0 0 0 0 
0 0 0 0 0 0 0 0 0 0 0 0 0 0 0 0 
0 0 0 0 0 0 0 0 0 0 0 0 0 0 0 0 
0 0 0 0 0 0 0 0 0 0 0 0 0 0 0 0 
0 0 0 0 0 0 0 0 0 0 0 0 0 0 0 0 
0 0 0 0 0 0 0 0 0 0 0 0 0 0 0 0 
0 0 0 0 0 0 0 0 0 0 0 0 0 0 0 0 
0 0 0 0 0 0 0 0 0 0 0 0 0 0 0 0 
0 0 0 0 0 0 0 0 0 0 0 0 0 0 0 0 
0 0 0 0 0 0 0 0 0 0 0 0 0 0 0 0 
0 0 0 0 0 0 0 0 0 0 0 0 0 0 0 0 
0 0 0 0 0 0 0 0 0 0 0 0 0 0 0 0 
0 0 0 0 0 0 0 0 0 0 0 0 0 0 0 0 
0 0 0 0 0 0 0 0 0 0 0 0 0 0 0 0 
0 0 0 0 0 0 0 0 0 0 0 0 0 0 0 0 
0 0 0 0 0 0 0 0 0 0 0 0 0 0 0 0 
0 0 0 0 0 0 0 0 0 0 0 0 0 0 0 0 
0 0 0 0 0 0 0 0 0 0 0 0 0 0 0 0 
0 0 0 0 0 0 0 0 0 0 0 0 0 0 0 0 
0 0 0 0 0 0 0 0 0 0 0 0 0 0 0 0 
0 0 0 0 0 0 0 0 0 0 0 0 0 0 0 0 
0 0 0 0 0 0 0 0 0 0 0 0 0 0 0 0 
0 0 0 0 0 0 0 0 0 0 0 0 0 0 0 0 
0 0 0 0 0 0 0 0 0 0 0 0 0 0 0 0 
0 0 0 0 0 0 0 0 0 0 0 0 0 0 0 0 
0 0 0 0 0 0 0 0 0 0 0 0 0 0 0 0 
0 0 0 0 0 0 0 0 0 0 0 0 0 0 0 0 
0 0 0 0 0 0 0 0 0 0 0 0 0 0 0 0 
0 0 0 0 0 0 0 0 0 0 0 0 0 0 0 0 
0 0 0 0 0 0 0 0 0 0 0 0 0 0 0 0 
0 0 0 0 0 0 0 0 0 0 0 0 0 0 0 0 
0 0 0 0 0 0 0 0 0 0 0 0 0 0 0 0 
0 0 0 0 0 0 0 0 0 0 0 0 0 0 0 0 
0 0 0 0 0 0 0 0 0 0 0 0 0 0 0 0 
0 0 0 0 0 0 0 0 0 0 0 0 0 0 0 0 
0 0 0 0 0 0 0 0 0 0 0 0 0 0 0 0 
0 0 0 0 0 0 0 0 0 0 0 0 0 0 0 0 
0 0 0 0 0 0 0 0 0 0 0 0 0 0 0 0 
0 0 0 0 0 0 0 0 0 0 0 0 0 0 0 0 
0 0 0 0 0 0 0 0 0 0 0 0 0 0 0 0 
0 0 0 0 0 0 0 0 0 0 0 0 0 0 0 0 
0 0 0 0 0 0 0 0 0 0 0 0 0 0 0 0 
0 0 0 0 0 0 0 0 0 0 0 0 0 0 0 0 
0 0 0 0 0 0 0 0 0 0 0 0 0 0 0 0 
0 0 0 0 0 0 0 0 0 0 0 0 0 0 0 0 
0 0 0 0 0 0 0 0 0 0 0 0 0 0 0 0 
0 0 0 0 0 0 0 0 0 0 0 0 0 0 0 0 
0 0 0 0 0 0 0 0 0 0 0 0 0 0 0 0 
0 0 0 0 0 0 0 0 0 0 0 0 0 0 0 0 
0 0 0 0 0 0 0 0 0 0 0 0 0 0 0 0 
0 0 0 0 0 0 0 0 0 0 0 0 0 0 0 0 
0 0 0 0 0 0 0 0 0 0 0 0 0 0 0 0 
0 0 0 0 0 0 0 0 0 0 0 0 0 0 0 0 
0 0 0 0 0 0 0 0 0 0 0 0 0 0 0 0 
0 0 0 0 0 0 0 0 0 0 0 0 0 0 0 0 
0 0 0 0 0 0 0 0 0 0 0 0 0 0 0 0 
0 0 0 0 0 0 0 0 0 0 0 0 0 0 0 0 
0 0 0 0 0 0 0 0 0 0 0 0 0 0 0 0 
# Survey Index Data                 
# Index units                  
2                    
# Index Age comp. units                
2                    
# Index WAA matrix                 
4                    
# Index month                  
7                    
# Index link to fleet?                
-1                    
# Index selectivity option                 
2                    
# Index start age                 
1                    
# Index end age                 
15                    
# Index Estimate Proportion (YES=1)                
1                    
# Use Index                  
1                    
# Index-1 Selectivity Data                 
0.1 1 0 1                 
1 -1 0 1                 
0.42 1 0 1                 
0.58 1 0 1                 
0.74 1 0 1                 
0.9 1 0 1                 
0.9 1 0 1                 
0.9 1 0 1                 
0.9 1 0 1                 
0.9 1 0 1                 
0.9 1 0 1                 
0.9 1 0 1                 
0.9 1 0 1                 
0.9 1 0 1                 
0.9 1 0 1                 
0.9 1 0 1                 
0.9 1 0 1                 
1 2 0 1                 
0.9 3 0 1                 
0.5 1 0 1                 
0.6 1 0 1                 
# Index data matrices (n.ind.avail.*nyears)                
# Index BTS                  
1964 -999 -999 -999 -999 -999 -999 -999 -999 -999 -999 -999 -999 -999 -999 -999 -999 -999 -999 
1965 -999 -999 -999 -999 -999 -999 -999 -999 -999 -999 -999 -999 -999 -999 -999 -999 -999 -999 
1966 -999 -999 -999 -999 -999 -999 -999 -999 -999 -999 -999 -999 -999 -999 -999 -999 -999 -999 
1967 -999 -999 -999 -999 -999 -999 -999 -999 -999 -999 -999 -999 -999 -999 -999 -999 -999 -999 
1968 -999 -999 -999 -999 -999 -999 -999 -999 -999 -999 -999 -999 -999 -999 -999 -999 -999 -999 
1969 -999 -999 -999 -999 -999 -999 -999 -999 -999 -999 -999 -999 -999 -999 -999 -999 -999 -999 
1970 -999 -999 -999 -999 -999 -999 -999 -999 -999 -999 -999 -999 -999 -999 -999 -999 -999 -999 
1971 -999 -999 -999 -999 -999 -999 -999 -999 -999 -999 -999 -999 -999 -999 -999 -999 -999 -999 
1972 -999 -999 -999 -999 -999 -999 -999 -999 -999 -999 -999 -999 -999 -999 -999 -999 -999 -999 
1973 -999 -999 -999 -999 -999 -999 -999 -999 -999 -999 -999 -999 -999 -999 -999 -999 -999 -999 
1974 -999 -999 -999 -999 -999 -999 -999 -999 -999 -999 -999 -999 -999 -999 -999 -999 -999 -999 
1975 -999 -999 -999 -999 -999 -999 -999 -999 -999 -999 -999 -999 -999 -999 -999 -999 -999 -999 
1976 -999 -999 -999 -999 -999 -999 -999 -999 -999 -999 -999 -999 -999 -999 -999 -999 -999 -999 
1977 -999 -999 -999 -999 -999 -999 -999 -999 -999 -999 -999 -999 -999 -999 -999 -999 -999 -999 
1978 -999 -999 -999 -999 -999 -999 -999 -999 -999 -999 -999 -999 -999 -999 -999 -999 -999 -999 
1979 -999 -999 -999 -999 -999 -999 -999 -999 -999 -999 -999 -999 -999 -999 -999 -999 -999 -999 
1980 -999 -999 -999 -999 -999 -999 -999 -999 -999 -999 -999 -999 -999 -999 -999 -999 -999 -999 
1981 -999 -999 -999 -999 -999 -999 -999 -999 -999 -999 -999 -999 -999 -999 -999 -999 -999 -999 
1982	1130.521413	2750.331922	3290.628705	4543.590417	1516.427666	216.7743303	147.1456607	71.0484703	46.64350733	24.93715544	13.00390042	10.0704459	2.548504006	1.038420475	0.277186326
1983	451.2319981	656.1126834	1618.890456	3059.955474	6726.505648	1979.432521	366.9327904	192.9413364	74.84332984	69.25637463	53.37622767	17.99692776	8.604642481	7.214218736	2.302659289
1984	340.0178279	331.7393929	453.4907253	1562.558522	1810.533092	4535.030465	897.11688	202.7034897	86.76609278	32.07980415	19.91460835	8.033180446	4.703545085	5.821235782	3.065328021
1985	2825.07476	686.3039563	3171.967579	1420.930353	4743.301999	2405.730359	1719.645554	354.7306706	86.69909896	68.08453885	18.88378135	6.027047935	6.975112167	1.165084449	0.316192926
1986	2255.748114	344.2723286	399.4535808	1989.18189	1092.305102	2010.475049	1641.205755	1387.877415	471.5687505	77.05235805	32.00209097	15.0330771	0.29510004	3.14525515	0
1987	304.8436464	629.5337019	893.4875124	582.6121755	5633.217377	1140.885323	1369.402691	519.4023581	1671.107326	234.9155143	88.26743894	30.20136777	4.298206218	1.712181146	1.584551739
1988	753.772533	697.3844218	1460.096401	3749.922453	1481.345898	5329.455233	1701.469521	1307.164702	728.2498536	1597.979555	160.540629	85.87394322	15.35004802	31.08092168	11.28363665
1989	792.1231463	332.3358081	655.0504386	2146.978935	4769.654523	1054.427718	3985.890455	582.3532336	749.4184862	284.2384797	727.1808308	135.5862109	107.0902876	60.90858741	68.69390327
1990	1713.703095	349.101101	103.1125538	938.2091187	1630.365628	5951.38794	1315.481671	3324.747222	361.1342774	566.803205	99.74918274	766.5727221	56.86614044	68.40372073	53.26006937
1991	3101.668589	1020.909949	132.0965123	76.8651435	641.1306356	594.4530893	1944.529667	739.6621612	1684.258705	410.1967976	567.8306883	116.0867888	312.53893	45.31306765	31.67735438
1992	1394.243936	436.3433795	2171.098702	500.6341022	515.8566158	810.4409557	628.999024	794.795552	375.0858137	862.9478678	311.6618658	370.8019624	159.0223596	111.1277433	97.73498842
1993	1636.676191	305.2720255	1137.002391	3971.890158	684.0234815	510.7920812	304.7444271	466.4262084	628.6503186	393.5577879	351.5175122	254.7388352	164.5994347	109.2274733	130.7582188
1994	1091.224523	585.3056126	565.8923885	1702.080168	4242.100424	816.8768672	199.9514013	207.1846754	193.6028725	357.5619244	207.432834	306.2836352	106.4808334	90.6706981	155.5773924
1995	1464.652746	97.79570761	445.20956	1955.171369	2748.262757	4629.93356	1634.105727	348.6361045	284.8419135	240.367463	313.9027428	148.2682061	224.0241902	80.37135733	110.8618705
1996	1496.622313	353.7244834	143.9141228	378.3035976	1005.94859	1337.939414	1293.267305	391.9976147	104.9672671	92.30019095	77.10556691	147.3499027	39.82616782	84.53484184	89.77428102
1997	2534.849312	312.1610438	194.2089712	228.9389179	3129.494959	1348.422961	863.6727545	1026.13223	153.8425331	58.137807	66.78614233	79.58469806	94.22409932	31.87557514	115.4224134
1998	660.4780375	627.6168884	251.5473779	203.8673443	465.0256558	2610.33277	719.7212753	465.4460179	345.3717305	88.42146203	29.82091951	11.24536667	27.41230825	24.70863007	58.51549733
1999	1064.122421	948.4908559	854.1307005	1016.122194	591.0359592	966.4575543	2832.631714	764.6660998	423.8878451	349.25679	144.298588	46.42673724	21.14275911	26.58992232	81.62653566
2000	1090.205171	389.2723439	378.7693028	1744.370277	1719.710821	1050.087449	757.9043332	2773.097196	1002.626702	547.5885326	205.1439024	161.6096137	30.03023796	15.72331385	83.04604521
2001	1674.765463	953.5399697	510.7085653	541.5817319	1311.409265	1490.133706	568.2791066	306.8560352	969.2409031	714.9058079	252.2230843	208.4297225	71.45120514	30.10583765	75.73231444
2002	760.5538293	424.7408193	728.7424077	1062.768379	1286.374689	1660.633462	921.2222274	473.441897	571.3076022	1158.042158	552.1523221	250.4736367	148.6407369	42.59560728	41.67326413
2003	412.0484862	162.1116497	684.2017528	2062.855612	2201.375437	1995.361373	2478.988617	1368.891973	576.1449203	887.5889738	1874.988949	759.2532065	282.5612551	102.6670262	69.37984885
2004	367.3666411	267.4756675	155.9835198	1249.610317	1438.631702	1048.604056	611.8898062	669.3780683	316.5943895	200.8082625	196.7647398	365.2447766	155.4052422	34.97083504	27.70396165
2005	383.3623917	145.0992309	195.2829102	1027.899114	2746.658818	2210.216942	1205.561731	446.8356896	382.0294742	275.5325816	73.97911136	148.7471841	266.9506888	95.00946257	90.18763982
2006	865.7697007	43.33432419	44.80214422	369.9704917	989.9063572	1268.525808	843.4777081	391.2876011	227.3308795	198.0631788	98.08294015	55.55697046	85.25549176	112.7916866	110.2386332
2007	2338.270624	40.23994196	100.6895743	449.9325034	1461.473439	1735.428733	1281.268267	902.2070924	390.4658713	165.7805862	148.1884779	146.3366779	60.80844537	82.49200427	146.2130015
2008	505.3932178	92.70483785	65.441566	147.3703193	530.1803491	1163.497505	861.0471067	597.1880679	402.2826791	149.8513944	128.9802007	99.44368297	48.38350447	27.65798896	143.4423078
2009	792.6282453	137.8546453	400.3639743	458.4450119	236.2852452	361.6800513	529.6711631	446.2251806	350.2058871	159.1526745	103.272252	34.55009113	32.32298805	17.87744417	69.07835044
2010	547.8481213	119.206848	148.1705151	2901.85009	1395.614416	414.2087854	363.7151683	377.7981828	386.3664869	269.9446569	228.0340579	84.58581829	48.08742207	26.59874258	64.89925673
2011	1113.031738	101.4088638	242.5612232	363.861544	1787.825527	907.6924101	256.9825429	164.6150983	243.590833	234.9877581	186.0846639	152.1837782	59.10621612	30.30141359	79.93342699
2012	1173.12375	197.2742422	380.4020546	3199.207335	744.0225421	1281.612543	410.8342186	192.8252938	122.8037539	164.6913737	143.2194019	122.0056406	106.5474448	37.64430377	64.09216578
2013	1204.398491	88.58210629	133.2787471	958.179138	4953.083	1171.15421	737.2200668	259.4829906	81.70547778	78.7673452	101.1062698	79.11921993	70.71652872	36.61474058	46.93753704
2014	2237.792251	516.6355785	105.893522	382.2847942	1691.108547	6260.792929	3209.985888	736.7528397	379.5503775	149.0142101	56.20958123	67.84164874	62.15683063	37.25611117	77.8540032
2015	1166.976556	770.7800922	2165.753822	602.8180397	1181.152729	2283.191278	4471.240395	1324.234107	313.8023733	140.4512146	21.65988602	17.85949041	38.68026139	14.679118	29.78102945
2016	733.8263811	374.7608752	646.2326947	3257.590109	1340.870294	935.5082756	1337.64394	1908.611659	372.4342813	141.9465807	47.45127511	10.09378262	8.293898453	5.365687638	3.995462765
2017	850.1433404	248.5520018	415.1436608	2400.504177	3299.250225	1399.263132	1096.166068	1082.41695	1354.028476	405.6916997	165.4895423	48.85880671	7.631716659	9.595539511	6.776836945
2018	1027.176711	447.0252261	161.1240791	361.1353622	2608.621239	1510.413664	501.0974533	372.5714717	374.8090936	280.8283454	91.13302398	12.6781042	1.647818742	0	4.20278104
2019	2545.287163	659.1710226	302.8538045	487.0026054	1464.424353	5476.58558	2240.54726	560.7197254	426.0099561	244.1961129	132.1857369	56.22251883	23.29014524	14.16103019	0
2020 -999 -999 -999 -999 -999 -999 -999 -999 -999 -999 -999 -999 -999 -999 
2021	905.8091244	522.2866786	1251.479481	667.5172583	553.9552255	434.6572397	1174.055318	1358.72526	354.9014046	134.2405271	106.665633	71.7415969	13.93179595	10.10668218	2.538937197
2022	904.4916914	291.776473	499.8167186	3218.022915	1571.331983	693.9172069	763.4452799	1088.084919	859.1664568	254.325656	100.9948052	87.57016992	38.81402578	14.43496971	0
2023	1384.453261	328.9768697	258.2927485	627.1258547	2680.683959	630.0423535	324.9391804	314.9423657	554.2889248	387.110983	97.27787343	41.79839854	43.96352179	8.056326512	11.05346883
#########################################                    
# Phase data                  
# Phase for Fmult in 1st year              
1                    
# Phase for Fmult deviations                
3                    
# Phase for recruitment deviations                
3                    
# Phase for N in 1st year              
2                    
# Phase for catchability in 1st year              
1                    
# Phase for catchability deviations                
-1                    
# Phase for stock recruit relationship               
1                    
# Phase for steepness                 
-2                    
#########################################                    
# Lambdas and CVs                 
# Recruitment CV by year                
0.67                    
0.67                    
0.67                    
0.67                    
0.67                    
0.67                    
0.67                    
0.67                    
0.67                    
0.67                    
0.67                    
0.67                    
0.67                    
0.67                    
0.67                    
0.67                    
0.67                    
0.67                    
0.67                    
0.67                    
0.67                    
0.67                    
0.67                    
0.67                    
0.67                    
0.67                    
0.67                    
0.67                    
0.67                    
0.67                    
0.67                    
0.67                    
0.67                    
0.67                    
0.67                    
0.67                    
0.67                    
0.67                    
0.67                    
0.67                    
0.67                    
0.67                    
0.67                    
0.67                    
0.67                    
0.67                    
0.67                    
0.67                    
0.67                    
0.67                    
0.67                    
0.67                    
0.67                    
0.67                    
0.67                    
0.67                    
0.67                    
0.67                    
0.67                    
0.67                    
# Lambda for each index                
1                    
# Lambda for Total catch in weight by fleet            
1                    
# Lambda for total discards at age by fleet            
0                    
# Catch Total CV by year and fleet             
0.05                    
0.05                    
0.05                    
0.05                    
0.05                    
0.05                    
0.05                    
0.05                    
0.05                    
0.05                    
0.05                    
0.05                    
0.05                    
0.05                    
0.05                    
0.05                    
0.05                    
0.05                    
0.05                    
0.05                    
0.05                    
0.05                    
0.05                    
0.05                    
0.05                    
0.05                    
0.05                    
0.05                    
0.05                    
0.05                    
0.05                    
0.05                    
0.05                    
0.05                    
0.05                    
0.05                    
0.05                    
0.05                    
0.05                    
0.05                    
0.05                    
0.05                    
0.05                    
0.05                    
0.05                    
0.05                    
0.05                    
0.05                    
0.05                    
0.05                    
0.05                    
0.05                    
0.05                    
0.05                    
0.05                    
0.05                    
0.05                    
0.05                    
0.05                    
0.05                    
# Discard total CV by year and fleet             
0                    
0
0
0
0                    
0                    
0                    
0                    
0                    
0                    
0                    
0                    
0                    
0                    
0                    
0                    
0                    
0                    
0                    
0                    
0                    
0                    
0                    
0                    
0                    
0                    
0                    
0                    
0                    
0                    
0                    
0                    
0                    
0                    
0                    
0                    
0                    
0                    
0                    
0                    
0                    
0                    
0                    
0                    
0                    
0                    
0                    
0                    
0                    
0                    
0                    
0                    
0                    
0                    
0                    
0                    
0                    
0                    
0                    
0                    
# Input effective sample size for catch at age by year and fleet        
10
10
10
10
10
10
10
10
10
10
10
10
10
10
39
39
39
39
39
39
39
39
39
39
39
39
39
259.3788487
227.2361746
343.2236586
285.3401641
256.0352721
188.4095209
317.5476673
353.3089942
474.4475646
480.7231453
327.00581
484.8374742
439.3496508
389.1322193
492.6284859
504.4149593
498.4412839
521.7925027
418.5401923
547.4567257
725.4914921
605.304496
750.599324
604.1931166
818.3217844
701.6125895
604.5679443
665.471896
698.3100371
563.238271
814.6780065
638.9607277
200
# Input effective sample size for discards at age by year and fleet        
0                    
0                    
0                    
0                    
0                    
0                    
0                    
0                    
0                    
0                    
0                    
0                    
0                    
0                    
0                    
0                    
0                    
0                    
0                    
0                    
0                    
0                    
0                    
0                    
0                    
0                    
0                    
0                    
0                    
0                    
0                    
0                    
0                    
0                    
0                    
0                    
0                    
0                    
0                    
0                    
0                    
0                    
0                    
0                    
0                    
0                    
0                    
0                    
0                    
0                    
0                    
0                    
0                    
0                    
0                    
0                    
0                    
0                    
0                    
0                    
# Lambda for Fmult in first year by fleet            
0                    
# CV for Fmult in first year by fleet            
1                    
# Lambda for Fmult deviations                
0                    
# CV for Fmult deviations                
1                    
# Lambda for N in 1st year deviations             
0                    
# CV for N in 1st year deviations             
1                    
# Lambda for recruitment deviations                
1                    
# Lambda for catchability in first year by index            
0 
# CV for catchability in first year by index            
1 
# Lambda for catchability deviations by index              
0 
# CV for catchability deviations by index              
1 
# Lambda for deviation from initial steepness              
0                    
# CV for deviation from initial steepness              
1                    
# Lambda for deviation from initial SSB0              
0                    
# CV for deviation from initial SSB0              
1                    
# -999A Deviations flag (1= , 0= )             
1                    
###########################################                    
### Initial Guesses                  
# -999A for year1                 
100000 100000 100000 100000 100000 100000 100000 100000 100000 100000 100000 100000 100000 100000 100000 
# Fmult in 1st year by fleet              
0.1                    
# Catchability in 1st year by index              
1.0                    
# S-R Unexploited specification (1= 0=)               
1                    
# Unexploited initial guess                 
1.00E+07                    
# Steepness initial guess                 
.7                    
# Maximum F (upper bound on Fmult)              
5                    
# Ignore guesses                  
0                    
###########################################                    
### Projection Control data                 
# Do projections                  
0                    
# Fleet directed flag                 
1                    
# Fi-999l year of projections                
2021                    
# Year, projected recruits, what projected, target, non-directed Fmult            
2020 -1 1 150 0                
2021 -1 3 -99 0                
###########################################                    
### MCMC Control data                 
# do mcmc                  
0                    
# MCMC nyear option                 
0                    
# MCMC number of saved iterations desired              
1000                    
# MCMC thinning rate                 
200                    
# MCMC random number seed                
5230547                    
###########################################                    
### A few AGEPRO specs                
# R in agepro.bsn file                
0                    
# Starting year for calculation of R              
2004                    
# Ending year for calculation of R              
2014                    
# Export to R flag (1= 0=)              
1                    
# test value                  
-23456                    
###########################################                    
###### FINIS ######                  
# Fleet -999mes                  
Pollock                    
# Survey -999mes                  
BTS                    
                    
                    
                    

