#	4	fisheries	9	Indices	Uses	new	acoustic	time	series	for	Peru...																															
#	2012 Data file updated catches but with updated mean weights 																																									
#	First	year																																								
1970																																										
#	Last	year																																								
2012																																										
#	First	age	(changed	to	1	yrs	old!)																																			
1																																										
#	Last	age																																								
12																																										
#	numbers	of	length	intervals																																						
41																																										
#Length	bin																																									
10	11	12	13	14	15	16	17	18	19	20	21	22	23	24	25	26	27	28	29	30	31	32	33	34	35	36	37	38	39	40	41	42	43	44	45	46	47	48	49	50		
#	Number	of	fisheries																																							
4																																										
#	Names	of	fisheries																																							
N_Chile%SC_Chile_PS%FarNorth%Offshore_Trawl																																										
# 1970	Catch	biomass	by	fishery																																						
#	1971	1972	1973	1974	1975	1976	1977	1978	1979	1980	1981	1982	1983	1984	1985	1986	1987	1988	1989	1990	1991	1992	1993	1994	1995	1996	1997	1998	1999	2000	2001	2002	2003	2004	2005	2006	2007	2008	2009	2010	2011	2012
101.6851	143.4544	64.457	83.2044	164.7621	207.3268	257.6976	226.2335	398.4144	344.0506	288.809	474.817	789.912	301.934	727	511.15	55.21	313.31	325.462	338.6	323.089	346.245	304.243	379.467	222.254	230.177	278.439	104.198	30.273	55.654	118.734	248.097	108.727	143.277	158.656	165.626	155.256	172.701	167.258	134.022	169.012	30.825	16.208
10.3091	14.9877	22.5459	38.3905	28.7497	53.8781	84.5711	114.5723	188.2667	253.4603	273.453	586.092	704.771	563.338	699.301	945.839	1129.107	1456.727	1812.793	2051.517	2148.786	2674.267	2907.817	2856.777	3819.193	4174.016	3604.887	2812.866	1582.639	1164.035	1115.565	1401.836	1410.266	1278.019	1292.943	1264.808	1224.685	1130.083	728.85	700.905	295.796	216.47	211.252
4.711	9.189	18.782	42.781	129.211	37.899	54.154	504.992	386.793	333.809816	414.2986668	445.6382317	143.7236791	110.6900627	200.673586	114.6220523	51.02862586	46.304	244.2289228	316.2467899	370.8232159	213.4469098	111.682	133.354	233.346	550.993	495.518	680.053	412.846	203.751	303.7	857.744	154.823	217.734	187.369	80.663	277.568	255.36	169.537	76.629	22.172	326.394	168.883
0	0	5.5	0	0	0	0.035	2.273	51.29	370.290184	339.8023332	438.1227683	733.2043209	894.2999373	1059.927414	799.3229477	837.5023741	863.423	863.2150772	875.8212101	872.0587841	543.6590902	37.932	0	0	0	0	0	0	0.007	2.318	20.09	76.261	158.199	295.443	243.56796	362.62722	438.81844	405.477156	371.91759	239.84482	60.946314	39.86186
#	Catch	biomass	uncertainty	(CV)																																						
0.05	0.05	0.05	0.05	0.05	0.05	0.05	0.05	0.05	0.05	0.05	0.05	0.05	0.05	0.05	0.05	0.05	0.05	0.05	0.05	0.05	0.05	0.05	0.05	0.05	0.05	0.05	0.05	0.05	0.05	0.05	0.05	0.05	0.05	0.05	0.05	0.05	0.05	0.05	0.05	0.05	0.05	0.05
0.05	0.05	0.05	0.05	0.05	0.05	0.05	0.05	0.05	0.05	0.05	0.05	0.05	0.05	0.05	0.05	0.05	0.05	0.05	0.05	0.05	0.05	0.05	0.05	0.05	0.05	0.05	0.05	0.05	0.05	0.05	0.05	0.05	0.05	0.05	0.05	0.05	0.05	0.05	0.05	0.05	0.05	0.05
0.05	0.05	0.05	0.05	0.05	0.05	0.05	0.05	0.05	0.05	0.05	0.05	0.05	0.05	0.05	0.05	0.05	0.05	0.05	0.05	0.05	0.05	0.05	0.05	0.05	0.05	0.05	0.05	0.05	0.05	0.05	0.05	0.05	0.05	0.05	0.05	0.05	0.05	0.05	0.05	0.05	0.05	0.05
0.05	0.05	0.05	0.05	0.05	0.05	0.05	0.05	0.05	0.05	0.05	0.05	0.05	0.05	0.05	0.05	0.05	0.05	0.05	0.05	0.05	0.05	0.05	0.05	0.05	0.05	0.05	0.05	0.05	0.05	0.05	0.05	0.05	0.05	0.05	0.05	0.05	0.05	0.05	0.05	0.05	0.05	0.05
#	Number	Years	With	Fishery	age																																					
38																																										
38																																										
0																																										
24																																										
#	Number	Years	With	Fishery	length																																					
0																																										
0																																										
32																																										
0																																										
#	Fishery	Years	of	age	composition	data																																				
1975	1976	1977	1978	1979	1980	1981	1982	1983	1984	1985	1986	1987	1988	1989	1990	1991	1992	1993	1994	1995	1996	1997	1998	1999	2000	2001	2002	2003	2004	2005	2006	2007	2008	2009	2010	2011	2012					
1975	1976	1977	1978	1979	1980	1981	1982	1983	1984	1985	1986	1987	1988	1989	1990	1991	1992	1993	1994	1995	1996	1997	1998	1999	2000	2001	2002	2003	2004	2005	2006	2007	2008	2009	2010	2011	2012					
#	#	#	#	#	#	#	#	#	#	#	#	#	#	#	#	#	#	#	#	#	#	#	#	#	#	#	#	#	#	#	#	#	#	#								
1979	1980	1981	1982	1983	1984	1985	1986	1987	1988	1989	1990	1991	2000	2001	2002	2003	2006	2007	2008	2009	2010	2011	2012																			
#	Fishery	Years	of	length	composition	data																																				
#	#	#	#	#	#	#	#	#	#	#	#	#	#	#	#	#	#	#	#	#	#	#	#	#	#	#	#	#	#	#	#	#	#	#								
#	#	#	#	#	#	#	#	#	#	#	#	#	#	#	#	#	#	#	#	#	#	#	#	#	#	#	#	#	#	#	#	#	#	#								
1980	1981	1982	1983	1984	1985	1986	1987	1988	1989	1990	1991	1992	1993	1994	1995	1996	1997	1998	1999	2000	2001	2002	2003	2004	2005	2006	2007	2008	2009	2010	2011											
#	#	#	#	#	#	#	#	#	#	#	#	#	#	#	#																											
#	Fishery	age	composition	sample	size																																					
20	20	20	20	20	20	20	20	20	20	20	20	20	20	20	20	20	20	20	20	20	20	20	20	20	20	20	20	20	20	20	20	20	20	20	20	20	20					
50	50	50	50	50	50	50	50	50	50	50	50	50	50	50	50	50	50	50	50	50	50	50	50	50	50	50	50	50	50	50	50	50	50	50	50	50	50					
#	#	#	#	#	#	#	#	#	#	#	#	#	#	#	#	#	#	#	#	#	#	#	#	#	#	#	#	#	#													
50	50	50	50	50	50	50	50	50	50	50	50	50	30	30	30	30	30	30	30	30	30	30	30																			
#	Fishery	length	composition	sample	size																																					
#	#	#	#	#	#	#	#	#	#	#	#	#	#	#	#	#	#	#	#	#	#	#	#	#	#	#	#	#	#	#	#	#	#	#								
#	#	#	#	#	#	#	#	#	#	#	#	#	#	#	#	#	#	#	#	#	#	#	#	#	#	#	#	#	#	#	#	#	#	#								
30	30	30	30	30	30	30	30	30	30	30	30	30	30	30	30	30	30	30	30	30	30	30	30	30	30	30	30	30	30	30	30											
#	#	#	#	#	#	#	#	#	#	#	#	#	#	#	#																											
#	Fishery	1	age	composition	Northern	Chilean																																				
0	4073	13776	44143	60659	166146	171002	81053	29641	8253	4552	1070																															
0	27	1676	10342	62211	190616	229530	109553	17356	4612	104	0																															
122	12767	20036	48155	149760	239459	184136	68069	10018	155	0	0																															
0	5910	92821	171908	149947	99992	274829	227407	75025	11649	99	0																															
0	0	40320	104406	202313	247236	261704	212251	72124	7503	87	0																															
0	5663	19209	39611	120365	158767	188736	133955	25201	792	0	0																															
0	0	17592	107026	226852	272757	332572	167387	32014	4135	31	0																															
0	1674	29021	332623	362536	484944	639872	367034	127157	21795	225	0																															
0	102	1966	49812	151839	222327	205704	103468	21178	556	27	0																															
0	4148	232259	599923	284517	284809	377052	318705	67881	4009	0	0																															
0	886	53397	255301	400091	427340	252577	73876	12239	1256	0	0																															
4646	15143	14153	8069	9791	17324	26790	15727	6358	1078	0	0																															
940	69685	612169	638980	149771	36285	27361	8978	428	431	16	0																															
0	3652	130324	489772	452240	105585	5445	647	14	0	0	0																															
0	7901	4867	43820	326596	271953	55735	9161	2786	295	47	0																															
6262	77422	5668	27866	236685	412335	84292	8079	388	94	3	0																															
21	17154	218253	217953	121225	180648	259236	64615	5402	5551	1113	542																															
1787	30253	252037	142917	268721	274311	149879	60020	8877	790	39	0																															
2413	66476	1485903	597010	115335	99352	19235	7088	2161	730	123	77																															
431	139526	339253	101904	266129	131505	23152	3211	1618	68	0	0																															
2315	170501	345192	296965	146207	84328	17213	801	82	0	0	0																															
131844	269877	533140	572880	155446	30636	7068	63	68	0	0	0																															
191	26244	307207	204870	23575	694	72	0	0	0	0	0																															
0	3406	89297	37875	18933	5847	285	1	0	0	0	0																															
38	24289	319634	75711	15598	5394	392	7	0	0	0	0																															
57122	235887	136283	236690	110317	15424	39	0	0	0	0	0																															
1568	256795	1326138	491732	25070	1848	0	0	0	0	0	0																															
48483	98920	391463	176981	92150	18789	4497	276	26	0	0	0																															
7504	158188	604518	242543	53916	21616	9440	1894	295	0	0	0																															
747	17164	103070	464915	191312	7389	275	0	0	0	0	0																															
43804	324087	476065	193396	151443	43843	5150	0	0	0	0	0																															
27386	38392	390068	607711	68098	25256	8161	1256	49	0	0	0																															
681	93552	346671	475258	113550	27460	17712	7169	1191	165	165	66																															
14499	712726	359139	117862	138886	110359	12931	844	191	41	0	0																															
569	58921	250894	432581	34649	70639	3089	78	0	0	0	0																															
4	524298	57658	360130	140820	36448	9825	1044	506	146	0	0																															
20901	199846	94185	11650	3387	5921	383	0	0	0	0	0																															
2080455	6700598	8465934	34863481	4648381	106332	0	0	0	0	0	0																															
#	Fishery	2	Central-Southern	Chile																																						
0	0	355	633	2259	7108	11305	10032	5551	1867	999	190																															
0	1272	364	353	1550	17545	45885	38920	18306	2707	37	0																															
1	223	462	5493	19717	34341	61594	47567	7128	684	70	4																															
0	595	4226	20574	70250	115605	96857	45404	12171	1330	0	0																															
0	20	13439	147552	206176	210012	208192	180490	120831	48163	4206	904																															
2152	3996	8314	128820	322829	356395	311998	166713	78325	17706	686	995																															
0	2419	8973	83655	392031	696981	627159	326988	99193	23220	3581	800																															
1324	4221	8889	118067	618244	826235	877968	626789	224844	57471	10391	13914																															
1624	98937	191076	314984	749070	1084641	1113032	548218	207964	30697	3760	1259																															
98	7977	190091	357918	447250	985396	1175198	851961	292315	38931	7977	394																															
53	889	39763	372792	621888	1131123	1405139	725890	182303	21926	2839	2111																															
7703	32892	50408	254334	720436	1125301	1563727	833125	141461	12640	1048	651																															
8538	240224	509673	459902	311739	907439	1929691	1290613	257500	39754	3890	922																															
442	23756	228313	1415721	1662909	665913	1203766	1215469	405628	50539	6623	114																															
0	5570	34610	283575	1634407	2293278	1376907	1070507	406813	64106	1490	0																															
248	5228	1826	31608	506751	1598666	2003162	1148443	668436	128313	8666	130																															
54	30081	134146	122717	56100	419889	1682863	1831750	982207	504943	158725	46297																															
0	0	71389	186534	321697	367160	405356	1258212	1072392	952609	406683	151907																															
0	11391	231606	759545	940331	854977	790767	758606	893719	721295	259075	41588																															
0	21702	87328	808441	1200387	1266242	802876	692317	1102792	853702	284938	26970																															
760	9375	365691	1727987	1350915	2318999	1687597	807698	562790	385464	170813	31602																															
3354	48674	835128	1041899	1421658	1327055	1172716	792734	374612	171145	70209	20378																															
7893	191472	1428562	2627586	1898630	906334	488229	377039	302621	132121	75881	42083																															
25251	242671	1516538	1864189	763106	345371	165969	178113	173183	79161	32019	13170																															
2407	190107	1825090	1676166	718361	267024	76733	34947	59069	54516	34827	28903																															
780	46357	597816	1633359	1015296	412689	115221	42928	47268	58944	37371	31373																															
3	32966	361663	970229	1270037	594890	184069	82580	61986	57150	47079	76019																															
3553	44875	395001	846794	853666	522140	191428	97160	80106	76745	63094	99435																															
5	16651	232038	908724	1101223	740572	303108	100321	77824	61641	37835	38325																															
0	1617	128611	449306	920244	917951	422033	156434	98973	58716	27757	30207																															
14398	15576	14953	145195	460828	1047649	518471	208577	141084	66743	28283	32878																															
401	4986	11959	82227	150385	390459	490794	255963	191215	127571	67970	60057																															
0	260	26043	250100	293211	206428	282545	280026	242885	165923	92414	86474																															
6542	23768	1806	6768	74663	237017	215953	168781	124776	104046	55045	100625																															
0	1581	43860	108580	22418	222409	250865	193736	120657	77999	55350	47561																															
0	1799	24389	176203	122711	59484	63728	38970	55112	40186	12155	13967																															
0	29	3626	55109	45036	121204	33101	20726	45281	16068	3724	4334																															
0	0	0	29768908	141656785	167486935	76511035	29519530	20689668	2869885	609514	1140505																															
#	Fishery	3	(length)																																							
#	Fishery	4	Offshore	trawl																																						
0	0	49	1905	20679	69124	132249	157481	97437	40291	3780	904																															
0	3842	4615	38803	114107	173964	187248	122439	64819	17129	686	995																															
0	239	2919	18545	99141	229509	297020	208303	75791	19940	3221	800																															
0	2756	1078	9883	108378	299527	472354	395188	169863	45982	10106	13829																															
0	55448	99493	73750	253656	586485	753756	461208	181606	28049	3760	1259																															
0	2428	53471	168678	238212	433429	594472	526601	208110	26780	7176	394																															
0	539	20116	194707	339644	508644	556157	284185	96589	16896	2661	1840																															
0	27483	33424	143556	392093	486785	515762	300147	62152	6636	748	651																															
0	93104	107476	73668	162818	504537	709648	379588	79536	18316	2974	878																															
0	12902	89058	315639	346045	354066	517995	374576	129093	23035	5183	114																															
0	265	12357	100209	462408	557035	434806	304694	167223	35858	1293	0																															
0	536	316	10917	176551	590038	501485	265987	179336	56477	5452	130																															
0	3175	4982	9073	21237	176787	431464	247646	104900	57856	22617	9811																															
6306	137881	942618	1441303	899838	596871	366956	293198	252406	212107	124963	0																															
0	934657	9037192	17997686	17908922	8531161	2716624	1449259	1080466	634021	270044	0																															
4000081	5531716	67349731	140982758	70957813	30605657	9201408	4008110	2741518	1270299	355388	0																															
0	6341275	85745637	224217697	114492265	31203519	3066560	284648	12549	0	0	0																															
0	0	16612	4415462	52466764	147301785	115905775	38040648	20259323	11303820	4769559	0																															
0	0	78923	3543660	33450334	108484144	111754594	80023232	71533710	47261396	29658723	0																															
0	26553	107275	148191	4403828	44644663	117513820	100660545	62122541	40957740	22518714	0																															
0	1333996	1946600	2280073	746645	6406989	52406193	124204486	89674456	48539818	31530284	0																															
0	3782200	76966142	37427807	1275573	1121486	12670939	26986174	49866868	39441453	13471705	0																															
0	858	196980	1526682	1355508	2714187	1758017	1648247	3940873	2319730	903688	0																															
0	0	0	0	0	40	598	1601	18477	10000	3052	2932																															
#	Fishery	1	LENGTH																																							
#	Fishery	2	LENGTH																																							
#	Fishery	3	LENGTH	(PERU	+ECUADOR)																																					
44	59	71	59	126	67	184	105	67	50	0	0	0	33	46	25	9	9	50	101	134	209	318	471	419	343	251	184	134	84	50	33	33	29	17	9	9	0	0	0	0		
0	0	0	0	0	0	0	0	0	0	0	0	0	0	0	0	6	14	28	101	129	105	109	112	105	87	78	62	50	36	34	22	20	17	8	3	1	0	0	0	0		
0	23	91	272	545	545	523	477	409	432	545	364	68	23	0	0	0	0	45	91	136	409	795	1136	840	545	296	227	181	159	136	113	23	0	0	0	0	0	0	0	0		
0	0	0	0	0	0	0	0	0	0	0	0	0	0	0	22	114	137	182	206	297	707	1426	1711	1426	1254	707	502	297	228	114	69	137	69	22	46	22	0	0	0	0		
0	0	0	0	0	8	16	8	4	0	4	8	41	90	160	340	872	1743	2472	3355	3441	3270	4325	4657	4153	3245	2545	1731	1166	777	585	401	274	258	209	147	217	147	123	45	0		
0	0	0	0	0	0	0	3	6	8	16	16	19	19	22	31	62	136	215	399	535	615	818	848	949	987	888	906	822	821	725	585	439	353	277	259	242	179	199	150	0		
3	8	18	13	13	27	39	29	14	17	24	36	51	63	64	67	57	37	23	17	30	53	165	397	691	1066	1337	1260	1255	896	637	478	369	287	257	207	195	141	140	109	0		
2	6	8	10	6	21	52	61	43	44	74	95	106	169	254	395	533	830	1110	1215	1071	861	537	337	249	308	376	408	335	213	200	160	130	92	61	44	19	10	7	8	0		
0	0	0	0	0	0	0	4	22	60	73	95	186	354	739	1663	2985	3961	4250	3615	2985	2134	1559	1378	1309	1304	1266	1136	981	1019	972	1149	1058	1045	1088	1145	1045	747	596	354	0		
0	0	0	0	0	0	0	0	0	7	179	365	3204	4837	2294	2723	1988	1212	877	1009	1157	1309	2110	2874	3570	3979	3959	2848	2080	1295	705	498	386	297	260	251	260	237	191	185	0		
0	0	0	0	0	0	0	0	0	0	22	45	90	90	127	187	247	284	486	860	1533	2326	3373	4548	5221	6769	8579	9410	7353	6119	4473	3194	2409	1855	1279	808	554	292	202	90	0		
0	0	0	3	0	13	62	112	85	102	131	99	118	927	2308	1107	686	628	658	813	1134	1749	2249	2786	2851	3441	4354	4262	3939	3496	2993	1877	1405	1469	1237	1167	1130	864	687	616	504		
0	0	0	0	0	0	0	0	0	19	103	306	166	124	162	131	116	136	164	273	471	698	1108	1555	1948	1862	1393	1054	979	866	812	597	532	401	168	104	79	64	63	76	0		
0	3	20	16	3	0	3	26	66	201	497	691	1036	1266	1963	2943	3798	2821	2430	1934	1726	1605	1809	1670	1684	1506	1154	658	480	224	164	155	122	128	43	30	7	3	0	3	0		
4	4	0	4	4	11	7	0	4	29	72	133	176	240	341	452	625	958	1253	1450	2175	4824	6041	4810	3331	2495	1920	1407	1472	1088	1141	962	1267	908	965	815	510	445	298	334	194		
0	0	0	22	73	103	125	95	51	44	103	396	792	1041	1459	2236	3043	3263	4326	5635	7159	9177	10307	10768	13407	14406	12580	6838	4115	2602	2003	1675	1201	789	761	594	501	488	232	119	154		
0	0	0	0	6	44	200	194	237	712	1437	1469	1462	2550	3834	4445	4353	4211	4457	5153	6419	6045	4674	4311	3460	2887	2815	2487	2268	1352	849	549	319	211	76	44	12	12	6	0	0		
0	0	0	0	0	0	0	0	5	14	57	109	166	332	916	1832	3506	5749	5052	2855	2347	3963	7246	8255	4460	2297	1380	737	506	371	234	163	103	65	38	24	10	5	0	5	0		
0	0	0	5	65	207	109	71	283	1301	1927	1600	1339	1937	3940	8593	10727	7402	4272	2444	1453	1012	936	1176	980	555	425	343	261	234	174	147	109	98	87	60	49	27	27	16	0		
0	0	0	0	21	80	80	101	155	174	140	186	270	457	762	1035	1838	2102	2532	2300	1279	755	464	284	183	127	120	57	64	106	43	27	27	21	15	17	3	17	3	5	0		
0	0	0	4	7	7	7	18	178	1495	2766	2473	1856	1341	1339	3492	2839	2483	3039	4523	4097	2703	1151	387	119	31	11	4	4	4	7	0	4	0	0	0	0	0	0	0	0		
0	0	16	33	33	16	41	188	459	942	1500	1344	1304	2041	4038	6242	9220	11965	15404	15088	13405	8369	2959	850	239	97	28	0	0	0	0	0	0	0	0	0	0	0	0	0	0		
8	15	33	71	81	101	71	47	35	45	40	57	93	123	140	68	61	120	449	1426	2689	3181	3146	2300	1102	462	337	183	93	28	8	2	0	0	0	0	0	0	0	0	0		
0	0	0	0	2	2	8	31	61	159	278	453	905	1419	1555	1173	1063	1254	1732	1911	1399	961	795	687	697	937	972	640	348	154	63	18	4	2	2	0	0	0	0	0	0		
8	15	47	51	45	40	55	48	19	5	1	0	1	1	1	1	5	38	196	577	879	1015	1269	1665	1779	1478	1086	1040	946	657	350	206	103	45	22	8	3	1	0	0	0		
9	71	220	226	151	93	65	95	581	1147	1409	1553	1803	1846	1130	471	263	200	198	123	97	71	47	34	7	11	22	78	329	942	1676	1618	994	499	314	163	84	28	9	0	0		
0	0	0	0	0	0	0	0	40	392	1200	2432	5056	6408	5992	6200	6424	6304	5784	6176	6664	6224	5448	3928	2464	1296	712	392	216	120	56	24	16	0	0	8	8	8	8	0	0		
0	0	0	0	34	52	52	155	258	206	189	275	430	1324	7738	15184	13224	8976	9853	6895	5984	10145	16972	20704	19190	14358	9853	5399	2528	1135	447	258	103	17	0	0	0	0	0	0	0		
0	0	2	4	13	22	11	4	2	4	11	22	20	31	74	120	142	179	316	763	2120	3978	4641	3688	2233	1213	652	375	277	338	275	166	74	24	7	2	2	0	0	0	0		
169	161	227	227	54	21	0	0	0	27	182	729	822	756	467	314	114	74	138	149	85	43	64	91	89	145	460	1034	2137	3803	4100	2182	915	299	95	31	0	0	0	0	0		
0	0	0	0	0	0	0	0	0	0	17	0	17	231	451	162	35	0	0	0	0	0	0	0	0	0	0	0	0	0	0	0	0	0	0	0	0	0	0	0	0		
0	0	0	53	53	53	53	0	0	0	0	0	53	0	106	4377	18221	52278	119239	150535	157464	117077	30214	425	53	0	0	0	0	0	0	0	0	0	0	0	0	0	0	0	0		
#	Fishery	4	LENGTH																																							
#	Fishery	1	wt-age	#	mean(Wt_1)	0.052																																				
0.05	0.089	0.129	0.189	0.248	0.313	0.396	0.488	0.584	0.728	0.88	1.115	#	it	was	used	for	those	years	w/o	weigth-at-age																						
0.05	0.089	0.129	0.189	0.248	0.313	0.396	0.488	0.584	0.728	0.88	1.115	#																														
0.05	0.089	0.129	0.189	0.248	0.313	0.396	0.488	0.584	0.728	0.88	1.115	#																														
0.05	0.089	0.129	0.189	0.248	0.313	0.396	0.488	0.584	0.728	0.88	1.115	#																														
0.05	0.089	0.129	0.189	0.248	0.313	0.396	0.488	0.584	0.728	0.88	1.115	#																														
0.05	0.089	0.129	0.189	0.248	0.313	0.396	0.488	0.584	0.728	0.88	1.115	#																														
0.05	0.089	0.129	0.189	0.248	0.313	0.396	0.488	0.584	0.728	0.88	1.115	#																														
0.05	0.089	0.129	0.189	0.248	0.313	0.396	0.488	0.584	0.728	0.88	1.115	#																														
0.05	0.105	0.124	0.163	0.204	0.314	0.369	0.405	0.434	0.453	0.59	1.115	#																														
0.05	0.108	0.163	0.179	0.217	0.274	0.37	0.42	0.474	0.629	0.633	1.115	#																														
0.05	0.069	0.118	0.21	0.256	0.324	0.41	0.451	0.511	0.998	0.88	1.115	#																														
0.05	0.094	0.139	0.214	0.269	0.331	0.412	0.481	0.58	0.661	1.112	1.115	#																														
0.071	0.093	0.168	0.202	0.248	0.305	0.356	0.411	0.446	0.471	0.719	1.115	#																														
0.084	0.099	0.119	0.221	0.264	0.314	0.377	0.429	0.475	0.528	0.54	1.115	#																														
0.05	0.164	0.186	0.217	0.273	0.345	0.394	0.437	0.497	0.568	0.786	1.115	#																														
0.05	0.167	0.173	0.224	0.271	0.34	0.401	0.465	0.536	0.582	0.726	1.115	#																														
0.096	0.099	0.143	0.222	0.289	0.332	0.418	0.497	0.55	0.869	0.88	1.115	#																														
0.092	0.121	0.146	0.189	0.233	0.336	0.427	0.477	0.513	0.65	0.803	1.115	#																														
0.05	0.11	0.167	0.197	0.23	0.298	0.472	0.545	0.586	0.6095	0.88	1.115	#																														
0.05	0.123	0.167	0.23	0.27	0.31	0.379	0.491	0.541	0.569	0.713	1.115	#																														
0.069	0.099	0.16	0.248	0.29	0.338	0.409	0.533	0.651	0.677	0.756	1.115	#																														
0.049	0.121	0.143	0.201	0.277	0.366	0.408	0.478	0.637	0.72	0.794	0.883	#																														
0.069	0.092	0.127	0.201	0.268	0.3	0.373	0.444	0.512	0.595	0.681	0.786	#																														
0.021	0.116	0.152	0.205	0.298	0.364	0.422	0.489	0.528	0.596	0.774	0.889	#																														
0.059	0.097	0.107	0.235	0.291	0.33	0.387	0.459	0.565	0.748	0.798	0.898	#																														
0.069	0.101	0.137	0.186	0.263	0.321	0.357	0.434	0.561	0.668	0.88	1.115	#																														
0.067	0	0.14	0.17	0.229	0.295	0.367	0.507	0.657	0.639	0.88	1.115	#																														
0.029	0.063	0.125	0.177	0.246	0.357	0.503	0.615	0.584	0.728	0.88	1.115	#																														
0	0.082	0.104	0.195	0.249	0.29	0.39	0.475	0.634	0.728	0.88	1.115	#																														
0.071	0.074	0.089	0.147	0.27	0.315	0.446	0.722	0.584	0.728	0.88	1.115	#																														
0.043	0.054	0.138	0.191	0.225	0.251	0.372	0.488	0.584	0.728	0.88	1.115	#																														
0.066	0.093	0.112	0.133	0.204	0.286	0.421	0.488	0.584	0.728	0.88	1.115	#																														
0.029	0.059	0.092	0.172	0.238	0.327	0.398	0.416	0.628	0.728	0.88	1.115	#																														
0.036	0.082	0.102	0.141	0.227	0.309	0.416	0.464	0.534	0.728	0.88	1.115	#																														
0.037	0.078	0.164	0.186	0.203	0.257	0.342	0.488	0.584	0.728	0.88	1.115	#																														
0.029	0.076	0.111	0.175	0.222	0.268	0.281	0.488	0.584	0.728	0.88	1.115	#																														
0.032	0.074	0.114	0.132	0.204	0.374	0.442	0.506	0.606	0.728	0.88	1.115	#																														
0.087	0.075	0.122	0.158	0.222	0.296	0.404	0.514	0.614	0.723	0.723	1.115	#																														
0.042	0.047	0.066	0.187	0.243	0.291	0.388	0.563	0.616	0.748	0.88	1.115	#																														
0.015	0.047	0.106	0.138	0.239	0.285	0.335	0.526	0.584	0.728	0.88	1.115	#																														
0.013	0.048	0.101	0.172	0.233	0.301	0.397	0.493	0.639	0.772	0.88	1.115	#																														
0.019	0.065	0.095	0.167	0.276	0.314	0.398	0.488	0.584	0.728	0.88	1.115	#																														
0.016	0.048	0.088	0.202	0.235	0.269	0.396	0.488	0.584	0.728	0.88	1.115																															
#	Fishery	2wt-age																																								
0.052	0.093	0.131	0.178	0.262	0.294	0.34	0.396	0.549	0.738	0.984	1.093																															
0.052	0.093	0.131	0.178	0.262	0.294	0.34	0.396	0.549	0.738	0.984	1.093																															
0.052	0.093	0.131	0.178	0.262	0.294	0.34	0.396	0.549	0.738	0.984	1.093																															
0.052	0.093	0.131	0.178	0.262	0.294	0.34	0.396	0.549	0.738	0.984	1.093																															
0.052	0.093	0.131	0.178	0.262	0.294	0.34	0.396	0.549	0.738	0.984	1.093																															
0.052	0.093	0.131	0.178	0.262	0.294	0.34	0.396	0.549	0.738	0.984	1.093																															
0.052	0.078	0.155	0.214	0.275	0.336	0.394	0.472	0.632	0.714	0.898	1.538																															
0.055	0.092	0.109	0.236	0.275	0.314	0.375	0.456	0.521	0.732	0.651	1.137																															
0.052	0.084	0.104	0.147	0.211	0.327	0.394	0.449	0.514	0.583	0.631	1.538																															
0.052	0.108	0.16	0.199	0.241	0.301	0.388	0.466	0.588	0.871	1.265	1.972																															
0.026	0.06	0.132	0.231	0.272	0.35	0.447	0.519	0.716	0.82	1.073	1.854																															
0.052	0.095	0.149	0.242	0.294	0.34	0.407	0.503	0.637	0.765	1.184	1.9																															
0.055	0.085	0.166	0.207	0.269	0.323	0.378	0.472	0.536	0.644	0.987	1.185																															
0.07	0.099	0.122	0.23	0.273	0.32	0.374	0.461	0.596	0.709	1.196	1.769																															
0.035	0.135	0.154	0.185	0.266	0.33	0.383	0.449	0.577	0.685	1.012	1.846																															
0.058	0.148	0.181	0.223	0.27	0.339	0.398	0.473	0.573	0.796	1.376	1.647																															
0.073	0.075	0.172	0.247	0.286	0.346	0.427	0.518	0.64	0.844	1.351	2.11																															
0.076	0.117	0.14	0.191	0.27	0.357	0.434	0.503	0.577	0.689	1.089	1.979																															
0.1	0.124	0.159	0.197	0.233	0.342	0.444	0.512	0.588	0.75	1.012	1.372																															
0.052	0.103	0.22	0.241	0.278	0.339	0.467	0.585	0.702	0.779	0.88	1.538																															
0.064	0.091	0.153	0.264	0.309	0.373	0.461	0.582	0.694	0.835	0.97	1.598																															
0.037	0.106	0.132	0.186	0.271	0.381	0.451	0.542	0.667	0.787	0.901	1.053																															
0.063	0.083	0.118	0.177	0.239	0.275	0.409	0.524	0.594	0.709	0.851	1.046																															
0.011	0.089	0.121	0.181	0.246	0.32	0.408	0.579	0.719	0.853	0.965	1.174																															
0.041	0.084	0.112	0.224	0.27	0.336	0.462	0.643	0.808	0.868	1.058	1.421																															
0.07	0.098	0.145	0.192	0.27	0.34	0.429	0.577	0.807	0.965	1.115	1.367																															
0.061	0.092	0.151	0.191	0.28	0.352	0.524	0.683	0.945	1.216	1.426	1.477																															
0.104	0.106	0.146	0.201	0.26	0.355	0.495	0.683	0.884	1.088	1.467	1.647																															
0.084	0.128	0.138	0.178	0.248	0.34	0.545	0.806	1.035	1.246	1.412	1.655																															
0.09	0.109	0.134	0.174	0.25	0.331	0.465	0.742	1.021	1.258	1.376	1.776																															
0.043	0.064	0.163	0.196	0.255	0.346	0.466	0.756	0.999	1.141	1.228	1.563																															
0.066	0.098	0.122	0.179	0.258	0.325	0.461	0.614	0.828	1.074	1.36	1.671																															
0.031	0.074	0.13	0.2	0.257	0.329	0.445	0.645	0.883	1.102	1.321	1.649																															
0.036	0.086	0.117	0.186	0.245	0.307	0.4	0.564	0.768	1.005	1.209	1.537																															
0.034	0.08	0.158	0.193	0.247	0.307	0.387	0.528	0.7	0.897	1.087	1.541																															
0.029	0.075	0.113	0.196	0.259	0.318	0.399	0.517	0.641	0.767	0.918	1.296																															
0.033	0.076	0.116	0.141	0.261	0.35	0.419	0.516	0.631	0.752	0.924	1.263																															
0.086	0.074	0.121	0.172	0.226	0.331	0.431	0.51	0.621	0.756	0.903	1.177																															
0.036	0.048	0.069	0.186	0.254	0.312	0.416	0.515	0.605	0.719	0.861	1.148																															
0.014	0.045	0.109	0.142	0.253	0.33	0.411	0.532	0.625	0.764	0.886	1.144																															
0.014	0.052	0.101	0.175	0.237	0.313	0.415	0.539	0.649	0.787	0.964	1.473																															
0.019	0.067	0.101	0.19	0.287	0.353	0.466	0.613	0.774	0.923	1.173	1.514																															
0.007	0.014	0.082	0.202	0.264	0.353	0.476	0.558	0.711	0.912	1.146	1.6																															
#	Fishery	3	wt-age																																							
0.045	0.171	0.377	0.642	0.945	1.265	1.587	1.9	2.196	2.47	2.721	2.946																															
0.045	0.171	0.377	0.643	0.946	1.266	1.588	1.902	2.198	2.472	2.723	2.949																															
0.03	0.13	0.306	0.548	0.835	1.148	1.47	1.789	2.095	2.382	2.647	2.887																															
0.037	0.147	0.33	0.568	0.842	1.134	1.43	1.718	1.991	2.246	2.478	2.688																															
0.038	0.147	0.326	0.558	0.825	1.108	1.393	1.671	1.934	2.178	2.402	2.603																															
0.034	0.136	0.31	0.54	0.808	1.095	1.387	1.674	1.946	2.201	2.434	2.645																															
0.044	0.16	0.34	0.567	0.822	1.087	1.351	1.606	1.845	2.065	2.266	2.446																															
0.032	0.13	0.294	0.51	0.76	1.028	1.3	1.566	1.818	2.054	2.27	2.465																															
0.032	0.129	0.295	0.516	0.774	1.05	1.332	1.608	1.872	2.117	2.343	2.547																															
0.036	0.138	0.304	0.518	0.762	1.02	1.28	1.532	1.77	1.991	2.193	2.375																															
0.036	0.136	0.298	0.506	0.743	0.994	1.245	1.49	1.721	1.934	2.13	2.306																															
0.041	0.148	0.314	0.524	0.758	1.003	1.247	1.481	1.702	1.905	2.089	2.255																															
0.039	0.144	0.309	0.519	0.755	1.002	1.249	1.488	1.712	1.92	2.108	2.278																															
0.042	0.138	0.28	0.451	0.638	0.828	1.014	1.191	1.356	1.507	1.643	1.764																															
0.044	0.156	0.328	0.541	0.778	1.024	1.267	1.501	1.719	1.921	2.103	2.267																															
0.04	0.149	0.322	0.541	0.789	1.048	1.308	1.558	1.794	2.012	2.211	2.389																															
0.042	0.151	0.323	0.539	0.781	1.033	1.285	1.527	1.755	1.965	2.156	2.327																															
0.034	0.132	0.294	0.504	0.745	1.001	1.26	1.512	1.751	1.973	2.176	2.359																															
0.038	0.145	0.315	0.533	0.78	1.041	1.302	1.554	1.793	2.013	2.215	2.396																															
0.044	0.158	0.337	0.561	0.812	1.074	1.334	1.585	1.821	2.038	2.236	2.413																															
0.042	0.15	0.32	0.532	0.769	1.017	1.263	1.499	1.722	1.927	2.113	2.28																															
0.039	0.142	0.305	0.511	0.743	0.985	1.227	1.461	1.68	1.883	2.068	2.234																															
0.04	0.148	0.318	0.534	0.776	1.031	1.286	1.531	1.763	1.976	2.171	2.346																															
0.039	0.147	0.323	0.549	0.807	1.08	1.354	1.62	1.871	2.104	2.317	2.508																															
0.036	0.147	0.335	0.584	0.874	1.186	1.503	1.813	2.109	2.385	2.638	2.867																															
0.038	0.146	0.318	0.54	0.792	1.058	1.325	1.583	1.827	2.053	2.26	2.446																															
0.038	0.145	0.317	0.537	0.788	1.053	1.318	1.576	1.82	2.045	2.251	2.436																															
0.045	0.152	0.312	0.506	0.72	0.94	1.155	1.361	1.553	1.729	1.889	2.031																															
0.04	0.14	0.294	0.483	0.693	0.911	1.126	1.333	1.526	1.703	1.864	2.008																															
0.037	0.146	0.324	0.557	0.824	1.107	1.394	1.673	1.938	2.183	2.408	2.611																															
0.035	0.145	0.336	0.592	0.893	1.218	1.55	1.877	2.189	2.481	2.75	2.994																															
0.033	0.139	0.324	0.572	0.864	1.18	1.504	1.822	2.127	2.412	2.674	2.912																															
0.036	0.145	0.33	0.576	0.861	1.167	1.478	1.783	2.074	2.344	2.593	2.817																															
0.04	0.154	0.341	0.584	0.862	1.157	1.454	1.743	2.017	2.272	2.504	2.714																															
0.038	0.149	0.333	0.574	0.852	1.148	1.447	1.74	2.017	2.275	2.511	2.724																															
0.037	0.15	0.341	0.595	0.89	1.206	1.527	1.842	2.142	2.422	2.678	2.911																															
0.038	0.152	0.347	0.606	0.907	1.23	1.558	1.88	2.187	2.473	2.735	2.973																															
0.038	0.149	0.335	0.579	0.861	1.161	1.465	1.762	2.044	2.306	2.546	2.763																															
0.036	0.146	0.334	0.585	0.876	1.19	1.51	1.823	2.122	2.4	2.656	2.888																															
0.038	0.15	0.337	0.582	0.865	1.167	1.474	1.773	2.057	2.321	2.563	2.782																															
0.039	0.15	0.332	0.567	0.837	1.123	1.411	1.691	1.956	2.203	2.428	2.631																															
0.031	0.143	0.351	0.644	1	1.395	1.806	2.217	2.614	2.99	3.337	3.655																															
0.032	0.145	0.349	0.632	0.971	1.344	1.731	2.115	2.485	2.834	3.156	3.449																															
#	Fishery	4vwt-age																																								
0.052	0.093	0.131	0.178	0.262	0.294	0.34	0.396	0.549	0.738	0.984	1.093																															
0.052	0.093	0.131	0.178	0.262	0.294	0.34	0.396	0.549	0.738	0.984	1.093																															
0.052	0.093	0.131	0.178	0.262	0.294	0.34	0.396	0.549	0.738	0.984	1.093																															
0.052	0.093	0.131	0.178	0.262	0.294	0.34	0.396	0.549	0.738	0.984	1.093																															
0.052	0.093	0.131	0.178	0.262	0.294	0.34	0.396	0.549	0.738	0.984	1.093																															
0.052	0.093	0.131	0.178	0.262	0.294	0.34	0.396	0.549	0.738	0.984	1.093																															
0.052	0.078	0.155	0.214	0.275	0.336	0.394	0.472	0.632	0.714	0.898	1.538																															
0.055	0.092	0.109	0.236	0.275	0.314	0.375	0.456	0.521	0.732	0.651	1.137																															
0.052	0.084	0.104	0.147	0.211	0.327	0.394	0.449	0.514	0.583	0.631	1.538																															
0.052	0.108	0.16	0.199	0.241	0.301	0.388	0.466	0.588	0.871	1.265	1.972																															
0.026	0.06	0.132	0.231	0.272	0.35	0.447	0.519	0.716	0.82	1.073	1.854																															
0.052	0.095	0.149	0.242	0.294	0.34	0.407	0.503	0.637	0.765	1.184	1.9																															
0.055	0.085	0.166	0.207	0.269	0.323	0.378	0.472	0.536	0.644	0.987	1.185																															
0.07	0.099	0.122	0.23	0.273	0.32	0.374	0.461	0.596	0.709	1.196	1.769																															
0.035	0.135	0.154	0.185	0.266	0.33	0.383	0.449	0.577	0.685	1.012	1.846																															
0.058	0.148	0.181	0.223	0.27	0.339	0.398	0.473	0.573	0.796	1.376	1.647																															
0.073	0.075	0.172	0.247	0.286	0.346	0.427	0.518	0.64	0.844	1.351	2.11																															
0.076	0.117	0.14	0.191	0.27	0.357	0.434	0.503	0.577	0.689	1.089	1.979																															
0.1	0.124	0.159	0.197	0.233	0.342	0.444	0.512	0.588	0.75	1.012	1.372																															
0.052	0.103	0.22	0.241	0.278	0.339	0.467	0.585	0.702	0.779	0.88	1.538																															
0.064	0.091	0.153	0.264	0.309	0.373	0.461	0.582	0.694	0.835	0.97	1.598																															
0.037	0.106	0.132	0.186	0.271	0.381	0.451	0.542	0.667	0.787	0.901	1.053																															
0.063	0.083	0.118	0.177	0.239	0.275	0.409	0.524	0.594	0.709	0.851	1.046																															
0.011	0.089	0.121	0.181	0.246	0.32	0.408	0.579	0.719	0.853	0.965	1.174																															
0.041	0.084	0.112	0.224	0.27	0.336	0.462	0.643	0.808	0.868	1.058	1.421																															
0.07	0.098	0.145	0.192	0.27	0.34	0.429	0.577	0.807	0.965	1.115	1.367																															
0.061	0.092	0.151	0.191	0.28	0.352	0.524	0.683	0.945	1.216	1.426	1.477																															
0.104	0.106	0.146	0.201	0.26	0.355	0.495	0.683	0.884	1.088	1.467	1.647																															
0.084	0.128	0.138	0.178	0.248	0.34	0.545	0.806	1.035	1.246	1.412	1.655																															
0.09	0.109	0.134	0.174	0.25	0.331	0.465	0.742	1.021	1.258	1.376	1.776																															
0.043	0.064	0.163	0.196	0.255	0.346	0.466	0.756	0.999	1.141	1.228	1.563																															
0.066	0.098	0.122	0.179	0.258	0.325	0.461	0.614	0.828	1.074	1.36	1.671																															
0.031	0.074	0.13	0.2	0.257	0.329	0.445	0.645	0.883	1.102	1.321	1.649																															
0.036	0.086	0.117	0.186	0.245	0.307	0.4	0.564	0.768	1.005	1.209	1.537																															
0.034	0.08	0.158	0.193	0.247	0.307	0.387	0.528	0.7	0.897	1.087	1.541																															
0.029	0.075	0.113	0.196	0.259	0.318	0.399	0.517	0.641	0.767	0.918	1.296																															
0.033	0.076	0.116	0.141	0.261	0.35	0.419	0.516	0.631	0.752	0.924	1.263																															
0.086	0.074	0.121	0.172	0.226	0.331	0.431	0.51	0.621	0.756	0.903	1.177																															
0.036	0.048	0.069	0.186	0.254	0.312	0.416	0.515	0.605	0.719	0.861	1.148																															
0.014	0.045	0.109	0.142	0.253	0.33	0.411	0.532	0.625	0.764	0.886	1.144																															
0.014	0.052	0.101	0.175	0.237	0.313	0.415	0.539	0.649	0.787	0.964	1.473																															
0.019	0.067	0.101	0.19	0.287	0.353	0.466	0.613	0.774	0.923	1.173	1.514																															
0.007	0.014	0.082	0.202	0.264	0.353	0.476	0.558	0.711	0.912	1.146	1.6																															
#	Number	of	Indices																																							
9																																										
#	Names	of	indices	Chile_AcousCS	Chile_AcousN	Chile_CPUE	DEPM	Peru_Acoustic	Peru_CPUE	Chinese_CPUE	EU_CPUE	USSR_CPUE																														
Chile_AcousCS%Chile_AcousN%Chile_CPUE%DEPM%Peru_Acoustic%Peru_CPUE%Chinese_CPUE%EU_CPUE%USSR_CPUE																																										
#	Nobs	Indices																																								
13																																										
10																																										
30																																										
9																																										
25																																										
10																																										
11																																										
9																																										
8																																										
#	Index	years																																								
1997	1998	1999	2000	2001	2002	2003	2004	2005	2006	2007	2008	2009																														
1984	1985	1986	1987	1988	1991	2006	2007	2008	2009																																	
1982	1983	1984	1985	1986	1987	1988	1989	1990	1991	1992	1993	1994	1995	1996	1997	1998	1999	2000	2001	2002	2003	2004	2005	2006	2007	2008	2009	2010	2011													
1999	2000	2001	2003	2004	2005	2006	2007	2008																																		
	1986	1987	1988	1989	1990	1991	1993	1994	1995	1996	1997	1998	1999	2000	2001	2002	2003	2004	2005	2006	2007	2008	2009	2010	2011																	
2002	2003	2004	2005	2006	2007	2008	2009	2011	2012																																	
2001	2002	2003	2004	2005	2006	2007	2008	2009	2010	2011																																
2003	2004	2005	2006	2007	2008	2009	2010	2011																																		
1987	1988	1989	1990	1991	2008	2009	2011																																			
#	Month	Indices																																								
6																																										
11																																										
6																																										
10.5																																										
1.5																																										
2																																										
6																																										
6																																										
6																																										
#	Index	biomasses																																								
3530	3200	4100	5600	5950	3700	2640	2640	4110	3192	3140	487	328																														
99	324	123	213	134	242	112	275	259	18																																	
0.4502	0.4135	0.3649	0.2997	0.2587	0.3096	0.264	0.2696	0.2139	0.2631	0.2249	0.1948	0.2301	0.2065	0.2139	0.1868	0.1744	0.207	0.1958	0.252	0.2084	0.1832	0.1981	0.1807	0.1997	0.1513	0.1015	0.0847	0.0626	0.0361													
5724	4688	5627	1388	3287	1043	3283	626	1935																																		
	8371.089733	12449.00601	4455.317937	14017.81754	6733.109972	8918.818979	8471.096	6760.663656	3328.792622	6570.057802	3446.262831	323.173974	278.9364426	3166.548297	7753.77488	341.1002333	1284.033774	627.7373039	1319.278345	2387.945412	811.5607166	696.8411129	233.3069806	78.41913416	1216.110693																	
197.2316488	242.2567755	252.0183165	191.9650363	248.0340589	253.1244409	230.8516357	144.319535	240.2827502	243.7009876																																	
1.39	1.93	1.71	1.4	1.4	0.99	1.11	0.81	0.77	0.55	0.32																																
0.722	1.106	0.887	1.381	1.433	1.212	1.023	0.795	0.269																																		
55.02	58.24	51.06	52.57	60.99	77.419	59.563	45.213																																			
#	Index	std	errors																																							
706	640	820	1120	1190	740	528	528	822	638.4	628	97.4	65.6																														
49.5	162	61.5	106.5	67	121	56	137.5	129.5	9																																	
0.068	0.062	0.055	0.045	0.039	0.046	0.04	0.04	0.032	0.039	0.034	0.029	0.035	0.031	0.032	0.028	0.026	0.031	0.029	0.038	0.031	0.027	0.03	0.027	0.03	0.023	0.015	0.013	0.009	0.005													
2862	2344	2813.5	694	1643.5	521.5	1641.5	313	967.5																																		
	1674.217947	2489.801202	891.0635874	2803.563508	1346.621994	1783.763796	1694.2192	1352.132731	665.7585244	1314.01156	689.2525662	64.6347948	55.78728852	633.3096594	1550.754976	68.22004666	256.8067548	125.5474608	263.855669	477.5890824	162.3121433	139.3682226	46.66139612	15.68382683	243.2221386																	
39.44632976	48.4513551	50.4036633	38.39300726	49.60681178	50.62488818	46.17032714	28.863907	48.05655004	48.74019752																																	
0.278	0.386	0.342	0.28	0.28	0.198	0.222	0.162	0.154	0.11	0.064																																
0.144	0.221	0.177	0.276	0.287	0.242	0.205	0.159	0.054																																		
22.008	23.296	20.424	21.028	24.396	30.968	23.825	18.085																																			
#	Number	of	Index	age	data																																					
13																																										
0																																										
0																																										
6																																										
0																																										
0																																										
0																																										
0																																										
0																																										
#	Number	of	Index	length	data																																					
0																																										
0																																										
0																																										
0																																										
0																																										
0																																										
0																																										
0																																										
0																																										
#	Index	length	years																																							
#																																										
#																																										
#																																										
#																																										
#																																										
#																																										
#																																										
#																																										
#																																										
#	Index	age	years																																							
1997	1998	1999	2000	2001	2002	2003	2004	2005	2006	2007	2008	2009																														
#																																										
#																																										
2001	2003	2004	2005	2006	2008																																					
#																																										
#																																										
#																																										
#																																										
#																																										
#	Index	age	composition	sample	sizes																																					
30	30	30	30	30	30	30	30	30	30	30	30	30																														
#																																										
#																																										
20	20	20	20	20	20																																					
#																																										
#																																										
#																																										
#																																										
#																																										
#	Index	age	comp																																							
74	265	7857	8492	2422	668	131	115	128	75	76	95																															
3	119	10599	9851	912	236	142	241	166	24	4	6																															
0	365	5368	7891	1963	1014	377	194	500	357	212	63																															
0	0	2529	11296	7864	2787	567	113	42	20	16	20																															
0	280	6596	14354	7124	1792	428	241	177	103	44	7																															
0	1	498	2217	1833	2363	565	280	80	21	7	2																															
0	1	276	2132	3089	2343	680	200	156	115	54	41																															
0	0	120	662	1833	2277	1709	1128	910	893	320	62																															
0	0	0	1210	2670	5250	2377	701	320	64	82	188																															
0	0	0	12	1799	4266	2625	511	322	188	110	70																															
0	0	0	0	1	339	1113	1058	976	869	439	411																															
0	0	0	0	0	96	317	256	117	87	34	49																															
0	0	0	0	0	0	7	265	169	143	127	98																															
#	Index	age	comp	MPH	(egg	production)																																				
0	3787	8944	9208	1436	700	420	401	182	58	14	9																															
0	54	529	837	336	563	398	400	219	84	35	6																															
0	122	1217	2801	1511	719	405	584	376	168	66	9																															
0	0	0	21	1115	718	485	336	136	94	57	0																															
0	0	6	216	1232	1892	1473	849	304	114	78	0																															
0	0	0	146	419	778	982	716	323	194	9	9																															
#	Index	length	comp																																							
#	Index	length	composition	sample	sizes																																					
#																																										
#																																										
#																																										
#																																										
#																																										
#																																										
#																																										
#																																										
#																																										
#	Index	length	comp																																							
#																																										
#																																										
#																																										
#																																										
#																																										
#																																										
#																																										
#																																										
#																																										
#	Index	wt-age	1	AcousCS																																						
0.0637	0.1273	0.1643	0.2067	0.2658	0.3581	0.43	0.5283	0.6355	0.7791	0.896	1.0215																															
0.0637	0.1273	0.1643	0.2067	0.2658	0.3581	0.43	0.5283	0.6355	0.7791	0.896	1.0215																															
0.0637	0.1273	0.1643	0.2067	0.2658	0.3581	0.43	0.5283	0.6355	0.7791	0.896	1.0215																															
0.0637	0.1273	0.1643	0.2067	0.2658	0.3581	0.43	0.5283	0.6355	0.7791	0.896	1.0215																															
0.0637	0.1273	0.1643	0.2067	0.2658	0.3581	0.43	0.5283	0.6355	0.7791	0.896	1.0215																															
0.0637	0.1273	0.1643	0.2067	0.2658	0.3581	0.43	0.5283	0.6355	0.7791	0.896	1.0215																															
0.0637	0.1273	0.1643	0.2067	0.2658	0.3581	0.43	0.5283	0.6355	0.7791	0.896	1.0215																															
0.0637	0.1273	0.1643	0.2067	0.2658	0.3581	0.43	0.5283	0.6355	0.7791	0.896	1.0215																															
0.0637	0.1273	0.1643	0.2067	0.2658	0.3581	0.43	0.5283	0.6355	0.7791	0.896	1.0215																															
0.0637	0.1273	0.1643	0.2067	0.2658	0.3581	0.43	0.5283	0.6355	0.7791	0.896	1.0215																															
0.0637	0.1273	0.1643	0.2067	0.2658	0.3581	0.43	0.5283	0.6355	0.7791	0.896	1.0215																															
0.0637	0.1273	0.1643	0.2067	0.2658	0.3581	0.43	0.5283	0.6355	0.7791	0.896	1.0215																															
0.0637	0.1273	0.1643	0.2067	0.2658	0.3581	0.43	0.5283	0.6355	0.7791	0.896	1.0215																															
0.0637	0.1273	0.1643	0.2067	0.2658	0.3581	0.43	0.5283	0.6355	0.7791	0.896	1.0215																															
0.0637	0.1273	0.1643	0.2067	0.2658	0.3581	0.43	0.5283	0.6355	0.7791	0.896	1.0215																															
0.0637	0.1273	0.1643	0.2067	0.2658	0.3581	0.43	0.5283	0.6355	0.7791	0.896	1.0215																															
0.0637	0.1273	0.1643	0.2067	0.2658	0.3581	0.43	0.5283	0.6355	0.7791	0.896	1.0215																															
0.0637	0.1273	0.1643	0.2067	0.2658	0.3581	0.43	0.5283	0.6355	0.7791	0.896	1.0215																															
0.0637	0.1273	0.1643	0.2067	0.2658	0.3581	0.43	0.5283	0.6355	0.7791	0.896	1.0215																															
0.0637	0.1273	0.1643	0.2067	0.2658	0.3581	0.43	0.5283	0.6355	0.7791	0.896	1.0215																															
0.0637	0.1273	0.1643	0.2067	0.2658	0.3581	0.43	0.5283	0.6355	0.7791	0.896	1.0215																															
0.0637	0.1273	0.1643	0.2067	0.2658	0.3581	0.43	0.5283	0.6355	0.7791	0.896	1.0215																															
0.0637	0.1273	0.1643	0.2067	0.2658	0.3581	0.43	0.5283	0.6355	0.7791	0.896	1.0215																															
0.0637	0.1273	0.1643	0.2067	0.2658	0.3581	0.43	0.5283	0.6355	0.7791	0.896	1.0215																															
0.0637	0.1273	0.1643	0.2067	0.2658	0.3581	0.43	0.5283	0.6355	0.7791	0.896	1.0215																															
0.0637	0.1273	0.1643	0.2067	0.2658	0.3581	0.43	0.5283	0.6355	0.7791	0.896	1.0215																															
0.0637	0.1273	0.1643	0.2067	0.2658	0.3581	0.43	0.5283	0.6355	0.7791	0.896	1.0215																															
0.0637	0.1394	0.1602	0.1972	0.2505	0.3109	0.3963	0.5358	0.7114	0.8948	1.0657	1.2408																															
0.0637	0.0447	0.1505	0.1683	0.2116	0.2867	0.3788	0.5679	0.8141	1.0463	1.2387	1.4239																															
0.0637	0.0965	0.1213	0.1511	0.1848	0.2638	0.3505	0.4886	0.7717	1.0691	1.3082	1.4294																															
0.0637	0.1099	0.1267	0.1708	0.1979	0.2606	0.3511	0.4699	0.7693	1.0196	1.162	1.2542																															
0.0637	0.1273	0.1403	0.1586	0.2001	0.2566	0.3233	0.4608	0.6142	0.8312	1.0811	1.3713																															
0.0655	0.1288	0.1738	0.225	0.2843	0.4437	0.5253	0.6199	0.6819	0.8996	0.8058	1.0168																															
0.062	0.1431	0.1779	0.2339	0.2889	0.3635	0.4654	0.5454	0.6274	0.7111	0.9769	0.9501																															
0.0637	0.1273	0.2028	0.2457	0.2855	0.3647	0.4645	0.5919	0.6725	0.8085	1.0393	1.1187																															
0.0637	0.1273	0.1643	0.2067	0.2028	0.2457	0.2842	0.3633	0.466	0.5919	0.6725	0.8085																															
0.0637	0.1273	0.1643	0.2611	0.366	0.4138	0.4995	0.5887	0.7376	0.8719	0.9056	1.0913																															
0.0637	0.1273	0.1643	0.2067	0.3968	0.4285	0.5071	0.5991	0.6709	0.8888	1.024	1.1473																															
0.0637	0.1273	0.1643	0.2067	0.2658	0.4458	0.5234	0.5901	0.6782	0.7832	0.8679	0.9741																															
0.0637	0.1273	0.1643	0.2067	0.2658	0.3581	0.43	0.4458	0.5234	0.5901	0.6782	0.7832																															
0.0637	0.1273	0.1643	0.152	0.1702	0.3581	0.3559	0.4775	0.5728	0.6473	0.7598	0.8613																															
0.0637	0.1273	0.1643	0.2067	0.2658	0.3581	0.43	0.5868	0.6118	0.7063	0.7791	0.8813																															
0.0637	0.1273	0.1643	0.2067	0.2658	0.3581	0.43	0.5283	0.6355	0.7791	0.896	1.0215																															
#	Index	wt-age	2	Acous_N																																						
0.0381	0.0809	0.1227	0.1822	0.2487	0.3069	0.4071	0.4879	0.6355	0.7791	0.896	1.0215																															
0.0381	0.0809	0.1227	0.1822	0.2487	0.3069	0.4071	0.4879	0.6355	0.7791	0.896	1.0215																															
0.0381	0.0809	0.1227	0.1822	0.2487	0.3069	0.4071	0.4879	0.6355	0.7791	0.896	1.0215																															
0.0381	0.0809	0.1227	0.1822	0.2487	0.3069	0.4071	0.4879	0.6355	0.7791	0.896	1.0215																															
0.0381	0.0809	0.1227	0.1822	0.2487	0.3069	0.4071	0.4879	0.6355	0.7791	0.896	1.0215																															
0.0381	0.0809	0.1227	0.1822	0.2487	0.3069	0.4071	0.4879	0.6355	0.7791	0.896	1.0215																															
0.0381	0.0809	0.1227	0.1822	0.2487	0.3069	0.4071	0.4879	0.6355	0.7791	0.896	1.0215																															
0.0381	0.0809	0.1227	0.1822	0.2487	0.3069	0.4071	0.4879	0.6355	0.7791	0.896	1.0215																															
0.0381	0.0809	0.1227	0.1822	0.2487	0.3069	0.4071	0.4879	0.6355	0.7791	0.896	1.0215																															
0.0381	0.0809	0.1227	0.1822	0.2487	0.3069	0.4071	0.4879	0.6355	0.7791	0.896	1.0215																															
0.0381	0.0809	0.1227	0.1822	0.2487	0.3069	0.4071	0.4879	0.6355	0.7791	0.896	1.0215																															
0.0381	0.0809	0.1227	0.1822	0.2487	0.3069	0.4071	0.4879	0.6355	0.7791	0.896	1.0215																															
0.0381	0.0809	0.1227	0.1822	0.2487	0.3069	0.4071	0.4879	0.6355	0.7791	0.896	1.0215																															
0.0381	0.0809	0.1227	0.1822	0.2487	0.3069	0.4071	0.4879	0.6355	0.7791	0.896	1.0215																															
0.0381	0.0809	0.1227	0.1822	0.2487	0.3069	0.4071	0.4879	0.6355	0.7791	0.896	1.0215																															
0.0381	0.0809	0.1227	0.1822	0.2487	0.3069	0.4071	0.4879	0.6355	0.7791	0.896	1.0215																															
0.0381	0.0809	0.1227	0.1822	0.2487	0.3069	0.4071	0.4879	0.6355	0.7791	0.896	1.0215																															
0.0381	0.0809	0.1227	0.1822	0.2487	0.3069	0.4071	0.4879	0.6355	0.7791	0.896	1.0215																															
0.0381	0.0809	0.1227	0.1822	0.2487	0.3069	0.4071	0.4879	0.6355	0.7791	0.896	1.0215																															
0.0381	0.0809	0.1227	0.1822	0.2487	0.3069	0.4071	0.4879	0.6355	0.7791	0.896	1.0215																															
0.0381	0.0809	0.1227	0.1822	0.2487	0.3069	0.4071	0.4879	0.6355	0.7791	0.896	1.0215																															
0.0381	0.0809	0.1227	0.1822	0.2487	0.3069	0.4071	0.4879	0.6355	0.7791	0.896	1.0215																															
0.0381	0.0809	0.1227	0.1822	0.2487	0.3069	0.4071	0.4879	0.6355	0.7791	0.896	1.0215																															
0.0381	0.0809	0.1227	0.1822	0.2487	0.3069	0.4071	0.4879	0.6355	0.7791	0.896	1.0215																															
0.0381	0.0809	0.1227	0.1822	0.2487	0.3069	0.4071	0.4879	0.6355	0.7791	0.896	1.0215																															
0.0381	0.0809	0.1227	0.1822	0.2487	0.3069	0.4071	0.4879	0.6355	0.7791	0.896	1.0215																															
0.0381	0.0809	0.1227	0.1822	0.2487	0.3069	0.4071	0.4879	0.6355	0.7791	0.896	1.0215																															
0.0381	0.0809	0.1227	0.1822	0.2487	0.3069	0.4071	0.4879	0.6355	0.7791	0.896	1.0215																															
0.0381	0.0809	0.1227	0.1822	0.2487	0.3069	0.4071	0.4879	0.6355	0.7791	0.896	1.0215																															
0.0381	0.0809	0.1227	0.1822	0.2487	0.3069	0.4071	0.4879	0.6355	0.7791	0.896	1.0215																															
0.0381	0.0809	0.1227	0.1822	0.2487	0.3069	0.4071	0.4879	0.6355	0.7791	0.896	1.0215																															
0.0381	0.0809	0.1227	0.1822	0.2487	0.3069	0.4071	0.4879	0.6355	0.7791	0.896	1.0215																															
0.0381	0.0809	0.1227	0.1822	0.2487	0.3069	0.4071	0.4879	0.6355	0.7791	0.896	1.0215																															
0.0381	0.0809	0.1227	0.1822	0.2487	0.3069	0.4071	0.4879	0.6355	0.7791	0.896	1.0215																															
0.0381	0.0809	0.1227	0.1822	0.2487	0.3069	0.4071	0.4879	0.6355	0.7791	0.896	1.0215																															
0.0381	0.0809	0.1227	0.1822	0.2487	0.3069	0.4071	0.4879	0.6355	0.7791	0.896	1.0215																															
0.0386	0.0923	0.1398	0.1824	0.2357	0.3069	0.4071	0.4879	0.6355	0.7791	0.896	1.0215																															
0.0572	0.1054	0.1518	0.206	0.2255	0.3094	0.3617	0.4879	0.6355	0.7791	0.896	1.0215																															
0.0506	0.0699	0.0752	0.099	0.2399	0.2795	0.4075	0.4879	0.6355	0.7791	0.896	1.0215																															
0.0381	0.1057	0.1446	0.2026	0.2813	0.3201	0.453	0.4879	0.6355	0.7791	0.896	1.0215																															
0.0381	0.048	0.1426	0.173	0.2356	0.2854	0.3954	0.4879	0.6355	0.7791	0.896	1.0215																															
0.0381	0.0747	0.1101	0.1796	0.224	0.301	0.3378	0.4879	0.6355	0.7791	0.896	1.0215																															
0.006	0.07	0.095	0.233	0.299	0.346	0.487	0.4879	0.6355	0.7791	0.896	1.0215																															
#	Index	wt-age	3	Chile_CPUE																																						
0.052	0.093	0.131	0.178	0.262	0.294	0.34	0.396	0.549	0.738	0.984	1.093																															
0.052	0.093	0.131	0.178	0.262	0.294	0.34	0.396	0.549	0.738	0.984	1.093																															
0.052	0.093	0.131	0.178	0.262	0.294	0.34	0.396	0.549	0.738	0.984	1.093																															
0.052	0.093	0.131	0.178	0.262	0.294	0.34	0.396	0.549	0.738	0.984	1.093																															
0.052	0.093	0.131	0.178	0.262	0.294	0.34	0.396	0.549	0.738	0.984	1.093																															
0.052	0.093	0.131	0.178	0.262	0.294	0.34	0.396	0.549	0.738	0.984	1.093																															
0.052	0.078	0.155	0.214	0.275	0.336	0.394	0.472	0.632	0.714	0.898	1.538																															
0.055	0.092	0.109	0.236	0.275	0.314	0.375	0.456	0.521	0.732	0.651	1.137																															
0.052	0.084	0.104	0.147	0.211	0.327	0.394	0.449	0.514	0.583	0.631	1.538																															
0.052	0.108	0.16	0.199	0.241	0.301	0.388	0.466	0.588	0.871	1.265	1.972																															
0.026	0.06	0.132	0.231	0.272	0.35	0.447	0.519	0.716	0.82	1.073	1.854																															
0.052	0.095	0.149	0.242	0.294	0.34	0.407	0.503	0.637	0.765	1.184	1.9																															
0.055	0.085	0.166	0.207	0.269	0.323	0.378	0.472	0.536	0.644	0.987	1.185																															
0.07	0.099	0.122	0.23	0.273	0.32	0.374	0.461	0.596	0.709	1.196	1.769																															
0.035	0.135	0.154	0.185	0.266	0.33	0.383	0.449	0.577	0.685	1.012	1.846																															
0.058	0.148	0.181	0.223	0.27	0.339	0.398	0.473	0.573	0.796	1.376	1.647																															
0.073	0.075	0.172	0.247	0.286	0.346	0.427	0.518	0.64	0.844	1.351	2.11																															
0.076	0.117	0.14	0.191	0.27	0.357	0.434	0.503	0.577	0.689	1.089	1.979																															
0.1	0.124	0.159	0.197	0.233	0.342	0.444	0.512	0.588	0.75	1.012	1.372																															
0.052	0.103	0.22	0.241	0.278	0.339	0.467	0.585	0.702	0.779	0.88	1.538																															
0.064	0.091	0.153	0.264	0.309	0.373	0.461	0.582	0.694	0.835	0.97	1.598																															
0.037	0.106	0.132	0.186	0.271	0.381	0.451	0.542	0.667	0.787	0.901	1.053																															
0.063	0.083	0.118	0.177	0.239	0.275	0.409	0.524	0.594	0.709	0.851	1.046																															
0.011	0.089	0.121	0.181	0.246	0.32	0.408	0.579	0.719	0.853	0.965	1.174																															
0.041	0.084	0.112	0.224	0.27	0.336	0.462	0.643	0.808	0.868	1.058	1.421																															
0.07	0.098	0.145	0.192	0.27	0.34	0.429	0.577	0.807	0.965	1.115	1.367																															
0.061	0.092	0.151	0.191	0.28	0.352	0.524	0.683	0.945	1.216	1.426	1.477																															
0.104	0.106	0.146	0.201	0.26	0.355	0.495	0.683	0.884	1.088	1.467	1.647																															
0.084	0.128	0.138	0.178	0.248	0.34	0.545	0.806	1.035	1.246	1.412	1.655																															
0.09	0.109	0.134	0.174	0.25	0.331	0.465	0.742	1.021	1.258	1.376	1.776																															
0.043	0.064	0.163	0.196	0.255	0.346	0.466	0.756	0.999	1.141	1.228	1.563																															
0.066	0.098	0.122	0.179	0.258	0.325	0.461	0.614	0.828	1.074	1.36	1.671																															
0.031	0.074	0.13	0.2	0.257	0.329	0.445	0.645	0.883	1.102	1.321	1.649																															
0.036	0.086	0.117	0.186	0.245	0.307	0.4	0.564	0.768	1.005	1.209	1.537																															
0.034	0.08	0.158	0.193	0.247	0.307	0.387	0.528	0.7	0.897	1.087	1.541																															
0.029	0.075	0.113	0.196	0.259	0.318	0.399	0.517	0.641	0.767	0.918	1.296																															
0.033	0.076	0.116	0.141	0.261	0.35	0.419	0.516	0.631	0.752	0.924	1.263																															
0.086	0.074	0.121	0.172	0.226	0.331	0.431	0.51	0.621	0.756	0.903	1.177																															
0.036	0.048	0.069	0.186	0.254	0.312	0.416	0.515	0.605	0.719	0.861	1.148																															
0.014	0.045	0.109	0.142	0.253	0.33	0.411	0.532	0.625	0.764	0.886	1.144																															
0.014	0.052	0.101	0.175	0.237	0.313	0.415	0.539	0.649	0.787	0.964	1.473																															
0.019	0.067	0.101	0.19	0.287	0.353	0.466	0.613	0.774	0.923	1.173	1.514																															
0.007	0.014	0.082	0.202	0.264	0.353	0.476	0.558	0.711	0.912	1.146	1.6																															
#	Index	wt-age	4	DEPM																																						
0.052	0.093	0.131	0.178	0.262	0.294	0.34	0.396	0.549	0.738	0.984	1.093																															
0.052	0.093	0.131	0.178	0.262	0.294	0.34	0.396	0.549	0.738	0.984	1.093																															
0.052	0.093	0.131	0.178	0.262	0.294	0.34	0.396	0.549	0.738	0.984	1.093																															
0.052	0.093	0.131	0.178	0.262	0.294	0.34	0.396	0.549	0.738	0.984	1.093																															
0.052	0.093	0.131	0.178	0.262	0.294	0.34	0.396	0.549	0.738	0.984	1.093																															
0.052	0.093	0.131	0.178	0.262	0.294	0.34	0.396	0.549	0.738	0.984	1.093																															
0.052	0.078	0.155	0.214	0.275	0.336	0.394	0.472	0.632	0.714	0.898	1.538																															
0.0547	0.092	0.109	0.236	0.275	0.314	0.375	0.456	0.521	0.732	0.651	1.137																															
0.052	0.084	0.104	0.147	0.211	0.327	0.394	0.449	0.514	0.583	0.631	1.538																															
0.052	0.108	0.16	0.199	0.241	0.301	0.388	0.466	0.588	0.871	1.265	1.972																															
0.0257	0.06	0.132	0.231	0.272	0.35	0.447	0.519	0.716	0.82	1.073	1.854																															
0.052	0.095	0.149	0.242	0.294	0.34	0.407	0.503	0.637	0.765	1.184	1.9																															
0.0552	0.085	0.166	0.207	0.269	0.323	0.378	0.472	0.536	0.644	0.987	1.185																															
0.0704	0.099	0.122	0.23	0.273	0.32	0.374	0.461	0.596	0.709	1.196	1.769																															
0.0346	0.135	0.154	0.185	0.266	0.33	0.383	0.449	0.577	0.685	1.012	1.846																															
0.0575	0.148	0.181	0.223	0.27	0.339	0.398	0.473	0.573	0.796	1.376	1.647																															
0.0727	0.075	0.172	0.247	0.286	0.346	0.427	0.518	0.64	0.844	1.351	2.11																															
0.076	0.117	0.14	0.191	0.27	0.357	0.434	0.503	0.577	0.689	1.089	1.979																															
0.1003	0.124	0.159	0.197	0.233	0.342	0.444	0.512	0.588	0.75	1.012	1.372																															
0.052	0.103	0.22	0.241	0.278	0.339	0.467	0.585	0.702	0.779	0.88	1.538																															
0.0644	0.091	0.153	0.264	0.309	0.373	0.461	0.582	0.694	0.835	0.97	1.598																															
0.0372	0.106	0.132	0.186	0.271	0.381	0.451	0.542	0.667	0.787	0.901	1.053																															
0.0626	0.083	0.118	0.177	0.239	0.275	0.409	0.524	0.594	0.709	0.851	1.046																															
0.011	0.089	0.121	0.181	0.246	0.32	0.408	0.579	0.719	0.853	0.965	1.174																															
0.0412	0.084	0.112	0.224	0.27	0.336	0.462	0.643	0.808	0.868	1.058	1.421																															
0.07	0.098	0.145	0.192	0.27	0.34	0.429	0.577	0.807	0.965	1.115	1.367																															
0.0612	0.092	0.151	0.191	0.28	0.352	0.524	0.683	0.945	1.216	1.426	1.477																															
0.1044	0.106	0.146	0.201	0.26	0.355	0.495	0.683	0.884	1.088	1.467	1.647																															
0.0841	0.128	0.138	0.178	0.248	0.34	0.545	0.806	1.035	1.246	1.412	1.655																															
0.0895	0.109	0.134	0.174	0.25	0.331	0.465	0.742	1.021	1.258	1.376	1.776																															
0.0426	0.064	0.163	0.196	0.255	0.346	0.466	0.756	0.999	1.141	1.228	1.563																															
0.0656	0.098	0.122	0.179	0.258	0.325	0.461	0.614	0.828	1.074	1.36	1.671																															
0.0309	0.074	0.13	0.2	0.257	0.329	0.445	0.645	0.883	1.102	1.321	1.649																															
0.0358	0.086	0.117	0.186	0.245	0.307	0.4	0.564	0.768	1.005	1.209	1.537																															
0.0341	0.08	0.158	0.193	0.247	0.307	0.387	0.528	0.7	0.897	1.087	1.541																															
0.0291	0.075	0.113	0.196	0.259	0.318	0.399	0.517	0.641	0.767	0.918	1.296																															
0.0328	0.076	0.116	0.141	0.261	0.35	0.419	0.516	0.631	0.752	0.924	1.263																															
0.0863	0.074	0.121	0.172	0.226	0.331	0.431	0.51	0.621	0.756	0.903	1.177																															
0.0358	0.0483	0.0688	0.1858	0.2538	0.3124	0.4156	0.5152	0.6053	0.7192	0.8613	1.148																															
0.0138	0.0453	0.109	0.1423	0.253	0.3299	0.4112	0.5316	0.625	0.7643	0.886	1.144																															
0.0138	0.0521	0.1013	0.1747	0.2365	0.3133	0.4149	0.5386	0.6488	0.7873	0.9635	1.473																															
0.0193	0.0667	0.1006	0.1901	0.2872	0.3532	0.4664	0.613	0.7735	0.9226	1.1733	1.514																															
0.0073	0.014	0.0815	0.2018	0.2635	0.3528	0.4758	0.5579	0.7105	0.9117	1.1462	1.6																															
#	Index	wt-age	5	Acoustic_Peru																																						
0.04469504	0.171239241	0.376961272	0.642254581	0.944864237	1.265033466	1.587172293	1.899961107	1.899961107	1.899961107	1.899961107	1.899961107																															
0.044719692	0.171350015	0.377226239	0.642730315	0.945590016	1.266031382	1.588449886	1.90151474	1.90151474	1.90151474	1.90151474	1.90151474																															
0.029912849	0.129512034	0.30633937	0.54787464	0.834848328	1.147831354	1.470177314	1.788967937	1.788967937	1.788967937	1.788967937	1.788967937																															
0.037401856	0.147325543	0.329643945	0.567848098	0.842083445	1.134236579	1.429747428	1.717878589	1.717878589	1.717878589	1.717878589	1.717878589																															
0.037744559	0.146719467	0.325743672	0.558189233	0.824615199	1.107516813	1.392947085	1.670696363	1.670696363	1.670696363	1.670696363	1.670696363																															
0.033520037	0.136044823	0.309800252	0.540036317	0.807756023	1.095093994	1.387399138	1.67368806	1.67368806	1.67368806	1.67368806	1.67368806																															
0.044002489	0.159613772	0.34026011	0.567282829	0.821552787	1.086946478	1.351197687	1.605679449	1.605679449	1.605679449	1.605679449	1.605679449																															
0.032350298	0.129835641	0.293722685	0.509741502	0.75999345	1.027838277	1.299731596	1.565581484	1.565581484	1.565581484	1.565581484	1.565581484																															
0.031656032	0.129283842	0.295485496	0.516359906	0.773728721	1.050385496	1.332160272	1.608394308	1.608394308	1.608394308	1.608394308	1.608394308																															
0.036144229	0.13832704	0.304313333	0.518254034	0.762198567	1.020228269	1.279790981	1.53177846	1.53177846	1.53177846	1.53177846	1.53177846																															
0.035620953	0.135676544	0.297648208	0.505946111	0.743079135	0.993607411	1.245394937	1.489659278	1.489659278	1.489659278	1.489659278	1.489659278																															
0.040741708	0.147588686	0.314378932	0.523856374	0.758370745	1.003063449	1.246640701	1.481165815	1.481165815	1.481165815	1.481165815	1.481165815																															
0.039043161	0.143840992	0.309446477	0.519098404	0.755134003	1.002448304	1.249429694	1.487835799	1.487835799	1.487835799	1.487835799	1.487835799																															
0.04160578	0.138366496	0.280294727	0.451483398	0.63773095	0.827973314	1.01427839	1.191368938	1.191368938	1.191368938	1.191368938	1.191368938																															
0.04418525	0.156206259	0.3280016	0.541293322	0.778139563	1.02377152	1.267146759	1.500620012	1.500620012	1.500620012	1.500620012	1.500620012																															
0.040340523	0.149337473	0.32218048	0.541492321	0.788800565	1.048236158	1.307560785	1.558062595	1.558062595	1.558062595	1.558062595	1.558062595																															
0.041701779	0.151455697	0.323103971	0.538944797	0.780790864	1.033294865	1.284771381	1.526995812	1.526995812	1.526995812	1.526995812	1.526995812																															
0.033810449	0.131916179	0.293517718	0.503709281	0.744926879	1.001297713	1.260143669	1.512164642	1.512164642	1.512164642	1.512164642	1.512164642																															
0.038483563	0.144761816	0.3152595	0.53323529	0.780354168	1.040624144	1.301579486	1.554263472	1.554263472	1.554263472	1.554263472	1.554263472																															
0.043679182	0.158131855	0.336714432	0.560936675	0.811906228	1.073727994	1.334325384	1.585214763	1.585214763	1.585214763	1.585214763	1.585214763																															
0.041691151	0.150446439	0.319740617	0.531975734	0.769271265	1.016628484	1.262676626	1.499443474	1.499443474	1.499443474	1.499443474	1.499443474																															
0.038679357	0.142033047	0.304967566	0.510918357	0.742532633	0.985016191	1.227021319	1.46050859	1.46050859	1.46050859	1.46050859	1.46050859																															
0.039995841	0.147596697	0.317837328	0.533526878	0.776495167	1.031178929	1.285600891	1.531250761	1.531250761	1.531250761	1.531250761	1.531250761																															
0.038540043	0.147054025	0.322942433	0.549325513	0.80719895	1.079758539	1.35378035	1.619685033	1.619685033	1.619685033	1.619685033	1.619685033																															
0.036160836	0.146986695	0.335016888	0.584346613	0.874415911	1.185859055	1.502778287	1.813245753	1.813245753	1.813245753	1.813245753	1.813245753																															
0.038463741	0.145669316	0.318499024	0.540162252	0.79202972	1.057747163	1.324508778	1.583077642	1.583077642	1.583077642	1.583077642	1.583077642																															
0.038131678	0.144632045	0.316514403	0.537121123	0.787915713	1.052601496	1.318404779	1.576103752	1.576103752	1.576103752	1.576103752	1.576103752																															
0.044609358	0.151779536	0.311615432	0.506497222	0.720146842	0.939621331	1.155493258	1.361393419	1.361393419	1.361393419	1.361393419	1.361393419																															
0.040004442	0.140445801	0.293705318	0.483359506	0.693468806	0.91099554	1.126237472	1.332506321	1.332506321	1.332506321	1.332506321	1.332506321																															
0.03726676	0.145595534	0.324208668	0.556672867	0.823569477	1.10732645	1.393895925	1.672965339	1.672965339	1.672965339	1.672965339	1.672965339																															
0.034755048	0.145078102	0.335870961	0.592046627	0.892732762	1.217711868	1.550087206	1.87699839	1.87699839	1.87699839	1.87699839	1.87699839																															
0.033171726	0.139315748	0.323687935	0.571953193	0.863947154	1.18000967	1.503641886	1.822245236	1.822245236	1.822245236	1.822245236	1.822245236																															
0.035754379	0.145050947	0.330225747	0.575543649	0.860759822	1.166843811	1.478193549	1.783115456	1.783115456	1.783115456	1.783115456	1.783115456																															
0.039690023	0.153856124	0.341034334	0.583750887	0.861692965	1.156620399	1.454027016	1.743310266	1.743310266	1.743310266	1.743310266	1.743310266																															
0.03762765	0.148561322	0.332865169	0.57392822	0.851671085	1.147732456	1.447329962	1.739548158	1.739548158	1.739548158	1.739548158	1.739548158																															
0.036986725	0.149986097	0.34137521	0.594874633	0.889560837	1.205774076	1.527400999	1.842367638	1.842367638	1.842367638	1.842367638	1.842367638																															
0.037500126	0.152430647	0.347424921	0.60598908	0.906801685	1.229779761	1.558436742	1.880403003	1.880403003	1.880403003	1.880403003	1.880403003																															
0.037671761	0.149353193	0.335455181	0.579345658	0.860734894	1.16099195	1.465075793	1.761854504	1.761854504	1.761854504	1.761854504	1.761854504																															
0.035735346	0.146152558	0.334320462	0.584555188	0.876274379	1.189967096	1.509550131	1.822916218	1.822916218	1.822916218	1.822916218	1.822916218																															
0.037638178	0.149597279	0.336502154	0.581736192	0.864913928	1.167268885	1.473625014	1.772734825	1.772734825	1.772734825	1.772734825	1.772734825																															
0.038719415	0.149786475	0.331614335	0.567165541	0.836718052	1.122597748	1.410767821	1.690980579	1.690980579	1.690980579	1.690980579	1.690980579																															
0.030920029	0.142860407	0.351061007	0.644251755	1.000213616	1.394742508	1.806141368	2.216989912	2.216989912	2.216989912	2.216989912	2.216989912																															
0.032401173	0.144759494	0.348778105	0.631591313	0.971138453	1.344354053	1.731043424	2.115274075	2.115274075	2.115274075	2.115274075	2.115274075																															
#	Index	wt-age	6	Peru_CPUE																																						
0.04469504	0.171239241	0.376961272	0.642254581	0.944864237	1.265033466	1.587172293	1.899961107	1.899961107	1.899961107	1.899961107	1.899961107																															
0.044719692	0.171350015	0.377226239	0.642730315	0.945590016	1.266031382	1.588449886	1.90151474	1.90151474	1.90151474	1.90151474	1.90151474																															
0.029912849	0.129512034	0.30633937	0.54787464	0.834848328	1.147831354	1.470177314	1.788967937	1.788967937	1.788967937	1.788967937	1.788967937																															
0.037401856	0.147325543	0.329643945	0.567848098	0.842083445	1.134236579	1.429747428	1.717878589	1.717878589	1.717878589	1.717878589	1.717878589																															
0.037744559	0.146719467	0.325743672	0.558189233	0.824615199	1.107516813	1.392947085	1.670696363	1.670696363	1.670696363	1.670696363	1.670696363																															
0.033520037	0.136044823	0.309800252	0.540036317	0.807756023	1.095093994	1.387399138	1.67368806	1.67368806	1.67368806	1.67368806	1.67368806																															
0.044002489	0.159613772	0.34026011	0.567282829	0.821552787	1.086946478	1.351197687	1.605679449	1.605679449	1.605679449	1.605679449	1.605679449																															
0.032350298	0.129835641	0.293722685	0.509741502	0.75999345	1.027838277	1.299731596	1.565581484	1.565581484	1.565581484	1.565581484	1.565581484																															
0.031656032	0.129283842	0.295485496	0.516359906	0.773728721	1.050385496	1.332160272	1.608394308	1.608394308	1.608394308	1.608394308	1.608394308																															
0.036144229	0.13832704	0.304313333	0.518254034	0.762198567	1.020228269	1.279790981	1.53177846	1.53177846	1.53177846	1.53177846	1.53177846																															
0.035620953	0.135676544	0.297648208	0.505946111	0.743079135	0.993607411	1.245394937	1.489659278	1.489659278	1.489659278	1.489659278	1.489659278																															
0.040741708	0.147588686	0.314378932	0.523856374	0.758370745	1.003063449	1.246640701	1.481165815	1.481165815	1.481165815	1.481165815	1.481165815																															
0.039043161	0.143840992	0.309446477	0.519098404	0.755134003	1.002448304	1.249429694	1.487835799	1.487835799	1.487835799	1.487835799	1.487835799																															
0.04160578	0.138366496	0.280294727	0.451483398	0.63773095	0.827973314	1.01427839	1.191368938	1.191368938	1.191368938	1.191368938	1.191368938																															
0.04418525	0.156206259	0.3280016	0.541293322	0.778139563	1.02377152	1.267146759	1.500620012	1.500620012	1.500620012	1.500620012	1.500620012																															
0.040340523	0.149337473	0.32218048	0.541492321	0.788800565	1.048236158	1.307560785	1.558062595	1.558062595	1.558062595	1.558062595	1.558062595																															
0.041701779	0.151455697	0.323103971	0.538944797	0.780790864	1.033294865	1.284771381	1.526995812	1.526995812	1.526995812	1.526995812	1.526995812																															
0.033810449	0.131916179	0.293517718	0.503709281	0.744926879	1.001297713	1.260143669	1.512164642	1.512164642	1.512164642	1.512164642	1.512164642																															
0.038483563	0.144761816	0.3152595	0.53323529	0.780354168	1.040624144	1.301579486	1.554263472	1.554263472	1.554263472	1.554263472	1.554263472																															
0.043679182	0.158131855	0.336714432	0.560936675	0.811906228	1.073727994	1.334325384	1.585214763	1.585214763	1.585214763	1.585214763	1.585214763																															
0.041691151	0.150446439	0.319740617	0.531975734	0.769271265	1.016628484	1.262676626	1.499443474	1.499443474	1.499443474	1.499443474	1.499443474																															
0.038679357	0.142033047	0.304967566	0.510918357	0.742532633	0.985016191	1.227021319	1.46050859	1.46050859	1.46050859	1.46050859	1.46050859																															
0.039995841	0.147596697	0.317837328	0.533526878	0.776495167	1.031178929	1.285600891	1.531250761	1.531250761	1.531250761	1.531250761	1.531250761																															
0.038540043	0.147054025	0.322942433	0.549325513	0.80719895	1.079758539	1.35378035	1.619685033	1.619685033	1.619685033	1.619685033	1.619685033																															
0.036160836	0.146986695	0.335016888	0.584346613	0.874415911	1.185859055	1.502778287	1.813245753	1.813245753	1.813245753	1.813245753	1.813245753																															
0.038463741	0.145669316	0.318499024	0.540162252	0.79202972	1.057747163	1.324508778	1.583077642	1.583077642	1.583077642	1.583077642	1.583077642																															
0.038131678	0.144632045	0.316514403	0.537121123	0.787915713	1.052601496	1.318404779	1.576103752	1.576103752	1.576103752	1.576103752	1.576103752																															
0.044609358	0.151779536	0.311615432	0.506497222	0.720146842	0.939621331	1.155493258	1.361393419	1.361393419	1.361393419	1.361393419	1.361393419																															
0.040004442	0.140445801	0.293705318	0.483359506	0.693468806	0.91099554	1.126237472	1.332506321	1.332506321	1.332506321	1.332506321	1.332506321																															
0.03726676	0.145595534	0.324208668	0.556672867	0.823569477	1.10732645	1.393895925	1.672965339	1.672965339	1.672965339	1.672965339	1.672965339																															
0.034755048	0.145078102	0.335870961	0.592046627	0.892732762	1.217711868	1.550087206	1.87699839	1.87699839	1.87699839	1.87699839	1.87699839																															
0.033171726	0.139315748	0.323687935	0.571953193	0.863947154	1.18000967	1.503641886	1.822245236	1.822245236	1.822245236	1.822245236	1.822245236																															
0.035754379	0.145050947	0.330225747	0.575543649	0.860759822	1.166843811	1.478193549	1.783115456	1.783115456	1.783115456	1.783115456	1.783115456																															
0.039690023	0.153856124	0.341034334	0.583750887	0.861692965	1.156620399	1.454027016	1.743310266	1.743310266	1.743310266	1.743310266	1.743310266																															
0.03762765	0.148561322	0.332865169	0.57392822	0.851671085	1.147732456	1.447329962	1.739548158	1.739548158	1.739548158	1.739548158	1.739548158																															
0.036986725	0.149986097	0.34137521	0.594874633	0.889560837	1.205774076	1.527400999	1.842367638	1.842367638	1.842367638	1.842367638	1.842367638																															
0.037500126	0.152430647	0.347424921	0.60598908	0.906801685	1.229779761	1.558436742	1.880403003	1.880403003	1.880403003	1.880403003	1.880403003																															
0.037671761	0.149353193	0.335455181	0.579345658	0.860734894	1.16099195	1.465075793	1.761854504	1.761854504	1.761854504	1.761854504	1.761854504																															
0.035735346	0.146152558	0.334320462	0.584555188	0.876274379	1.189967096	1.509550131	1.822916218	1.822916218	1.822916218	1.822916218	1.822916218																															
0.037638178	0.149597279	0.336502154	0.581736192	0.864913928	1.167268885	1.473625014	1.772734825	1.772734825	1.772734825	1.772734825	1.772734825																															
0.038719415	0.149786475	0.331614335	0.567165541	0.836718052	1.122597748	1.410767821	1.690980579	1.690980579	1.690980579	1.690980579	1.690980579																															
0.030920029	0.142860407	0.351061007	0.644251755	1.000213616	1.394742508	1.806141368	2.216989912	2.216989912	2.216989912	2.216989912	2.216989912																															
0.032401173	0.144759494	0.348778105	0.631591313	0.971138453	1.344354053	1.731043424	2.115274075	2.115274075	2.115274075	2.115274075	2.115274075																															
#	Index	wt-age	7	Chinese_CPUE																																						
0.052	0.093	0.131	0.178	0.262	0.294	0.34	0.396	0.549	0.738	0.984	1.093																															
0.052	0.093	0.131	0.178	0.262	0.294	0.34	0.396	0.549	0.738	0.984	1.093																															
0.052	0.093	0.131	0.178	0.262	0.294	0.34	0.396	0.549	0.738	0.984	1.093																															
0.052	0.093	0.131	0.178	0.262	0.294	0.34	0.396	0.549	0.738	0.984	1.093																															
0.052	0.093	0.131	0.178	0.262	0.294	0.34	0.396	0.549	0.738	0.984	1.093																															
0.052	0.093	0.131	0.178	0.262	0.294	0.34	0.396	0.549	0.738	0.984	1.093																															
0.052	0.078	0.155	0.214	0.275	0.336	0.394	0.472	0.632	0.714	0.898	1.538																															
0.0547	0.092	0.109	0.236	0.275	0.314	0.375	0.456	0.521	0.732	0.651	1.137																															
0.052	0.084	0.104	0.147	0.211	0.327	0.394	0.449	0.514	0.583	0.631	1.538																															
0.052	0.108	0.16	0.199	0.241	0.301	0.388	0.466	0.588	0.871	1.265	1.972																															
0.0257	0.06	0.132	0.231	0.272	0.35	0.447	0.519	0.716	0.82	1.073	1.854																															
0.052	0.095	0.149	0.242	0.294	0.34	0.407	0.503	0.637	0.765	1.184	1.9																															
0.0552	0.085	0.166	0.207	0.269	0.323	0.378	0.472	0.536	0.644	0.987	1.185																															
0.0704	0.099	0.122	0.23	0.273	0.32	0.374	0.461	0.596	0.709	1.196	1.769																															
0.0346	0.135	0.154	0.185	0.266	0.33	0.383	0.449	0.577	0.685	1.012	1.846																															
0.0575	0.148	0.181	0.223	0.27	0.339	0.398	0.473	0.573	0.796	1.376	1.647																															
0.0727	0.075	0.172	0.247	0.286	0.346	0.427	0.518	0.64	0.844	1.351	2.11																															
0.076	0.117	0.14	0.191	0.27	0.357	0.434	0.503	0.577	0.689	1.089	1.979																															
0.1003	0.124	0.159	0.197	0.233	0.342	0.444	0.512	0.588	0.75	1.012	1.372																															
0.052	0.103	0.22	0.241	0.278	0.339	0.467	0.585	0.702	0.779	0.88	1.538																															
0.0644	0.091	0.153	0.264	0.309	0.373	0.461	0.582	0.694	0.835	0.97	1.598																															
0.0372	0.106	0.132	0.186	0.271	0.381	0.451	0.542	0.667	0.787	0.901	1.053																															
0.0626	0.083	0.118	0.177	0.239	0.275	0.409	0.524	0.594	0.709	0.851	1.046																															
0.011	0.089	0.121	0.181	0.246	0.32	0.408	0.579	0.719	0.853	0.965	1.174																															
0.0412	0.084	0.112	0.224	0.27	0.336	0.462	0.643	0.808	0.868	1.058	1.421																															
0.07	0.098	0.145	0.192	0.27	0.34	0.429	0.577	0.807	0.965	1.115	1.367																															
0.0612	0.092	0.151	0.191	0.28	0.352	0.524	0.683	0.945	1.216	1.426	1.477																															
0.1044	0.106	0.146	0.201	0.26	0.355	0.495	0.683	0.884	1.088	1.467	1.647																															
0.0841	0.128	0.138	0.178	0.248	0.34	0.545	0.806	1.035	1.246	1.412	1.655																															
0.0895	0.109	0.134	0.174	0.25	0.331	0.465	0.742	1.021	1.258	1.376	1.776																															
0.0426	0.064	0.163	0.196	0.255	0.346	0.466	0.756	0.999	1.141	1.228	1.563																															
0.0656	0.098	0.122	0.179	0.258	0.325	0.461	0.614	0.828	1.074	1.36	1.671																															
0.0309	0.074	0.13	0.2	0.257	0.329	0.445	0.645	0.883	1.102	1.321	1.649																															
0.0358	0.086	0.117	0.186	0.245	0.307	0.4	0.564	0.768	1.005	1.209	1.537																															
0.0341	0.08	0.158	0.193	0.247	0.307	0.387	0.528	0.7	0.897	1.087	1.541																															
0.0291	0.075	0.113	0.196	0.259	0.318	0.399	0.517	0.641	0.767	0.918	1.296																															
0.0328	0.076	0.116	0.141	0.261	0.35	0.419	0.516	0.631	0.752	0.924	1.263																															
0.0863	0.074	0.121	0.172	0.226	0.331	0.431	0.51	0.621	0.756	0.903	1.177																															
0.0358	0.0483	0.0688	0.1858	0.2538	0.3124	0.4156	0.5152	0.6053	0.7192	0.8613	1.148																															
0.0138	0.0453	0.109	0.1423	0.253	0.3299	0.4112	0.5316	0.625	0.7643	0.886	1.144																															
0.0138	0.0521	0.1013	0.1747	0.2365	0.3133	0.4149	0.5386	0.6488	0.7873	0.9635	1.473																															
0.0193	0.0667	0.1006	0.1901	0.2872	0.3532	0.4664	0.613	0.7735	0.9226	1.1733	1.514																															
0.0073	0.014	0.0815	0.2018	0.2635	0.3528	0.4758	0.5579	0.7105	0.9117	1.1462	1.6																															
#	Index	wt-age	8	EU_CPUE																																						
0.052	0.093	0.131	0.178	0.262	0.294	0.34	0.396	0.549	0.738	0.984	1.093																															
0.052	0.093	0.131	0.178	0.262	0.294	0.34	0.396	0.549	0.738	0.984	1.093																															
0.052	0.093	0.131	0.178	0.262	0.294	0.34	0.396	0.549	0.738	0.984	1.093																															
0.052	0.093	0.131	0.178	0.262	0.294	0.34	0.396	0.549	0.738	0.984	1.093																															
0.052	0.093	0.131	0.178	0.262	0.294	0.34	0.396	0.549	0.738	0.984	1.093																															
0.052	0.093	0.131	0.178	0.262	0.294	0.34	0.396	0.549	0.738	0.984	1.093																															
0.052	0.078	0.155	0.214	0.275	0.336	0.394	0.472	0.632	0.714	0.898	1.538																															
0.0547	0.092	0.109	0.236	0.275	0.314	0.375	0.456	0.521	0.732	0.651	1.137																															
0.052	0.084	0.104	0.147	0.211	0.327	0.394	0.449	0.514	0.583	0.631	1.538																															
0.052	0.108	0.16	0.199	0.241	0.301	0.388	0.466	0.588	0.871	1.265	1.972																															
0.0257	0.06	0.132	0.231	0.272	0.35	0.447	0.519	0.716	0.82	1.073	1.854																															
0.052	0.095	0.149	0.242	0.294	0.34	0.407	0.503	0.637	0.765	1.184	1.9																															
0.0552	0.085	0.166	0.207	0.269	0.323	0.378	0.472	0.536	0.644	0.987	1.185																															
0.0704	0.099	0.122	0.23	0.273	0.32	0.374	0.461	0.596	0.709	1.196	1.769																															
0.0346	0.135	0.154	0.185	0.266	0.33	0.383	0.449	0.577	0.685	1.012	1.846																															
0.0575	0.148	0.181	0.223	0.27	0.339	0.398	0.473	0.573	0.796	1.376	1.647																															
0.0727	0.075	0.172	0.247	0.286	0.346	0.427	0.518	0.64	0.844	1.351	2.11																															
0.076	0.117	0.14	0.191	0.27	0.357	0.434	0.503	0.577	0.689	1.089	1.979																															
0.1003	0.124	0.159	0.197	0.233	0.342	0.444	0.512	0.588	0.75	1.012	1.372																															
0.052	0.103	0.22	0.241	0.278	0.339	0.467	0.585	0.702	0.779	0.88	1.538																															
0.0644	0.091	0.153	0.264	0.309	0.373	0.461	0.582	0.694	0.835	0.97	1.598																															
0.0372	0.106	0.132	0.186	0.271	0.381	0.451	0.542	0.667	0.787	0.901	1.053																															
0.0626	0.083	0.118	0.177	0.239	0.275	0.409	0.524	0.594	0.709	0.851	1.046																															
0.011	0.089	0.121	0.181	0.246	0.32	0.408	0.579	0.719	0.853	0.965	1.174																															
0.0412	0.084	0.112	0.224	0.27	0.336	0.462	0.643	0.808	0.868	1.058	1.421																															
0.07	0.098	0.145	0.192	0.27	0.34	0.429	0.577	0.807	0.965	1.115	1.367																															
0.0612	0.092	0.151	0.191	0.28	0.352	0.524	0.683	0.945	1.216	1.426	1.477																															
0.1044	0.106	0.146	0.201	0.26	0.355	0.495	0.683	0.884	1.088	1.467	1.647																															
0.0841	0.128	0.138	0.178	0.248	0.34	0.545	0.806	1.035	1.246	1.412	1.655																															
0.0895	0.109	0.134	0.174	0.25	0.331	0.465	0.742	1.021	1.258	1.376	1.776																															
0.0426	0.064	0.163	0.196	0.255	0.346	0.466	0.756	0.999	1.141	1.228	1.563																															
0.0656	0.098	0.122	0.179	0.258	0.325	0.461	0.614	0.828	1.074	1.36	1.671																															
0.0309	0.074	0.13	0.2	0.257	0.329	0.445	0.645	0.883	1.102	1.321	1.649																															
0.0358	0.086	0.117	0.186	0.245	0.307	0.4	0.564	0.768	1.005	1.209	1.537																															
0.0341	0.08	0.158	0.193	0.247	0.307	0.387	0.528	0.7	0.897	1.087	1.541																															
0.0291	0.075	0.113	0.196	0.259	0.318	0.399	0.517	0.641	0.767	0.918	1.296																															
0.0328	0.076	0.116	0.141	0.261	0.35	0.419	0.516	0.631	0.752	0.924	1.263																															
0.0863	0.074	0.121	0.172	0.226	0.331	0.431	0.51	0.621	0.756	0.903	1.177																															
0.0358	0.0483	0.0688	0.1858	0.2538	0.3124	0.4156	0.5152	0.6053	0.7192	0.8613	1.148																															
0.0138	0.0453	0.109	0.1423	0.253	0.3299	0.4112	0.5316	0.625	0.7643	0.886	1.144																															
0.0138	0.0521	0.1013	0.1747	0.2365	0.3133	0.4149	0.5386	0.6488	0.7873	0.9635	1.473																															
0.0193	0.0667	0.1006	0.1901	0.2872	0.3532	0.4664	0.613	0.7735	0.9226	1.1733	1.514																															
0.0073	0.014	0.0815	0.2018	0.2635	0.3528	0.4758	0.5579	0.7105	0.9117	1.1462	1.6																															
#	Index	wt-age	9	USSR_CPUE																																						
0.052	0.093	0.131	0.178	0.262	0.294	0.34	0.396	0.549	0.738	0.984	1.093																															
0.052	0.093	0.131	0.178	0.262	0.294	0.34	0.396	0.549	0.738	0.984	1.093																															
0.052	0.093	0.131	0.178	0.262	0.294	0.34	0.396	0.549	0.738	0.984	1.093																															
0.052	0.093	0.131	0.178	0.262	0.294	0.34	0.396	0.549	0.738	0.984	1.093																															
0.052	0.093	0.131	0.178	0.262	0.294	0.34	0.396	0.549	0.738	0.984	1.093																															
0.052	0.093	0.131	0.178	0.262	0.294	0.34	0.396	0.549	0.738	0.984	1.093																															
0.052	0.078	0.155	0.214	0.275	0.336	0.394	0.472	0.632	0.714	0.898	1.538																															
0.0547	0.092	0.109	0.236	0.275	0.314	0.375	0.456	0.521	0.732	0.651	1.137																															
0.052	0.084	0.104	0.147	0.211	0.327	0.394	0.449	0.514	0.583	0.631	1.538																															
0.052	0.108	0.16	0.199	0.241	0.301	0.388	0.466	0.588	0.871	1.265	1.972																															
0.0257	0.06	0.132	0.231	0.272	0.35	0.447	0.519	0.716	0.82	1.073	1.854																															
0.052	0.095	0.149	0.242	0.294	0.34	0.407	0.503	0.637	0.765	1.184	1.9																															
0.0552	0.085	0.166	0.207	0.269	0.323	0.378	0.472	0.536	0.644	0.987	1.185																															
0.0704	0.099	0.122	0.23	0.273	0.32	0.374	0.461	0.596	0.709	1.196	1.769																															
0.0346	0.135	0.154	0.185	0.266	0.33	0.383	0.449	0.577	0.685	1.012	1.846																															
0.0575	0.148	0.181	0.223	0.27	0.339	0.398	0.473	0.573	0.796	1.376	1.647																															
0.0727	0.075	0.172	0.247	0.286	0.346	0.427	0.518	0.64	0.844	1.351	2.11																															
0.076	0.117	0.14	0.191	0.27	0.357	0.434	0.503	0.577	0.689	1.089	1.979																															
0.1003	0.124	0.159	0.197	0.233	0.342	0.444	0.512	0.588	0.75	1.012	1.372																															
0.052	0.103	0.22	0.241	0.278	0.339	0.467	0.585	0.702	0.779	0.88	1.538																															
0.0644	0.091	0.153	0.264	0.309	0.373	0.461	0.582	0.694	0.835	0.97	1.598																															
0.0372	0.106	0.132	0.186	0.271	0.381	0.451	0.542	0.667	0.787	0.901	1.053																															
0.0626	0.083	0.118	0.177	0.239	0.275	0.409	0.524	0.594	0.709	0.851	1.046																															
0.011	0.089	0.121	0.181	0.246	0.32	0.408	0.579	0.719	0.853	0.965	1.174																															
0.0412	0.084	0.112	0.224	0.27	0.336	0.462	0.643	0.808	0.868	1.058	1.421																															
0.07	0.098	0.145	0.192	0.27	0.34	0.429	0.577	0.807	0.965	1.115	1.367																															
0.0612	0.092	0.151	0.191	0.28	0.352	0.524	0.683	0.945	1.216	1.426	1.477																															
0.1044	0.106	0.146	0.201	0.26	0.355	0.495	0.683	0.884	1.088	1.467	1.647																															
0.0841	0.128	0.138	0.178	0.248	0.34	0.545	0.806	1.035	1.246	1.412	1.655																															
0.0895	0.109	0.134	0.174	0.25	0.331	0.465	0.742	1.021	1.258	1.376	1.776																															
0.0426	0.064	0.163	0.196	0.255	0.346	0.466	0.756	0.999	1.141	1.228	1.563																															
0.0656	0.098	0.122	0.179	0.258	0.325	0.461	0.614	0.828	1.074	1.36	1.671																															
0.0309	0.074	0.13	0.2	0.257	0.329	0.445	0.645	0.883	1.102	1.321	1.649																															
0.0358	0.086	0.117	0.186	0.245	0.307	0.4	0.564	0.768	1.005	1.209	1.537																															
0.0341	0.08	0.158	0.193	0.247	0.307	0.387	0.528	0.7	0.897	1.087	1.541																															
0.0291	0.075	0.113	0.196	0.259	0.318	0.399	0.517	0.641	0.767	0.918	1.296																															
0.0328	0.076	0.116	0.141	0.261	0.35	0.419	0.516	0.631	0.752	0.924	1.263																															
0.0863	0.074	0.121	0.172	0.226	0.331	0.431	0.51	0.621	0.756	0.903	1.177																															
0.0358	0.0483	0.0688	0.1858	0.2538	0.3124	0.4156	0.5152	0.6053	0.7192	0.8613	1.148																															
0.0138	0.0453	0.109	0.1423	0.253	0.3299	0.4112	0.5316	0.625	0.7643	0.886	1.144																															
0.0138	0.0521	0.1013	0.1747	0.2365	0.3133	0.4149	0.5386	0.6488	0.7873	0.9635	1.473																															
0.0193	0.0667	0.1006	0.1901	0.2872	0.3532	0.4664	0.613	0.7735	0.9226	1.1733	1.514																															
0.0073	0.014	0.0815	0.2018	0.2635	0.3528	0.4758	0.5579	0.7105	0.9117	1.1462	1.6																															
#Population	Weight	at	Age	1000																																						
0.051	0.0884	0.134	0.195	0.2612	0.328	0.4184	0.5344	0.6814	0.8426	1.0705	1.4589	#	it	corresponds	to	average																										
#Maturity	at	Age	6	7	8	9	10	11	12																																	
0.072426485	0.312168669	0.725119498	0.938773837	0.988903862	0.998073265	0.999667986	0.999942863	0.999990169	0.999998309	0.999999709	0.99999995																															
#Month	of	Spawning																																								
10.5																																										
#Ageing	error																																									
1	0	0	0	0	0	0	0	0	0	0	0																															
0	0.7625	0.2215	0.0159	0.0002	0	0	0	0	0	0	0																															
0	0.244	0.5117	0.2253	0.0185	0.0003	0	0	0	0	0	0																															
0	0.0217	0.229	0.4991	0.2287	0.0213	0.0004	0	0	0	0	0																															
0	0.0005	0.0243	0.232	0.487	0.2316	0.0243	0.0005	0	0	0	0																															
0	0	0.0007	0.0274	0.234	0.4755	0.2341	0.0274	0.0007	0	0	0																															
0	0	0	0.001	0.0306	0.236	0.4644	0.2362	0.0306	0.001	0	0																															
0	0	0	0	0.0013	0.0338	0.238	0.4538	0.238	0.0338	0.0013	0																															
0	0	0	0	0	0.0016	0.0372	0.2394	0.4436	0.2394	0.0372	0.0016																															
0	0	0	0	0	0	0.002	0.0405	0.2405	0.4339	0.2405	0.0426																															
0	0	0	0	0	0	0	0.0025	0.0439	0.2413	0.4245	0.2877																															
0	0	0	0	0	0	0	0.0001	0.0031	0.0473	0.2418	0.7078																															
