#	1	fisheries	4	Indices	
1964																																											
#	Last	year																																									
2015																																											
#	First	age	(changed	to	1	yrs	old!)																																				
1																																											
#	Last	age																																									
15																																											
#	numbers	of	length	intervals																																							
41																																											
#Length	bin																																										
10	11	12	13	14	15	16	17	18	19	20	21	22	23	24	25	26	27	28	29	30	31	32	33	34	35	36	37	38	39	40	41	42	43	44	45	46	47	48	49	50			
#	Number	of	fisheries																																								
1																																											
#	Names	of	fisheries	
Fishery
#	Catch	biomass	by	fishery																																							
#1970	1971	1972	1973	1974	1975	1976	1977	1978	1979	1980	1981	1982	1983	1984	1985	1986	1987	1988	1989	1990	1991	1992	1993	1994	1995	1996	1997	1998	1999	2000	2001	2002	2003	2004	2005	2006	2007	2008	2009	2010	2011	2012	2013
174.792	230.551	261.678	550.362	702.181	862.789	1256.565	1743.763	1874.534	1758.919	1588.39	1356.736	1177.822	978.37	979.431	935.714	958.28	973.502	955.964	981.45	1092.055	1139.676	1141.993	859.416	1228.721	1229.6	1455.193	1195.608279	1390.33091	1326.60066	1329.34987	1264.24454	1192.778411	1124.430415	1101.165453	989.815914	1132.707038	1387.193651	1480.192723	1490.899096	1480.542528	1483.285763	1486.435323	1354.097161	990.56564	807.946609	810.215206	1199.072884	1205.530721	1270.745389	1298.59341	1300	
#	Catch	biomass	uncertainty	(CV)																																							
0.05 0.05 0.05 0.05 0.05 0.05 0.05 0.05 0.05 0.05 0.05 0.05 0.05 0.05 0.05 0.05 0.05 0.05 0.05 0.05 0.05 0.05 0.05 0.05 0.05 0.05 0.05 0.05 0.05 0.05 0.05 0.05 0.05 0.05 0.05 0.05 0.05 0.05 0.05 0.05 0.05 0.05 0.05 0.05 0.05 0.05 0.05 0.05 0.05 0.05 0.05 0.05
#	Number	Years	With	Fishery	age																																						
51
#	Number	Years	With	Fishery	length																																						
0
#	Fishery	Years	of	age	composition	data																																					
1964	1965	1966	1967	1968	1969	1970	1971	1972	1973	1974	1975	1976	1977	1978	1979	1980	1981	1982	1983	1984	1985	1986	1987	1988	1989	1990	1991	1992	1993	1994	1995	1996	1997	1998	1999	2000	2001	2002	2003	2004	2005	2006	2007	2008	2009	2010	2011	2012	2013	2014
#	Fishery	Years	of	length	composition	data																																					
#	Fishery	age	composition	sample	size																																						
10	10	10	10	10	10	10	10	10	10	10	10	10	10	50	50	50	50	50	50	50	50	50	50	50	50	50	173.7315146	200.4627344	272.5808045	107.9164711	137.8346695	148.9617231	256.40006	269.5838242	455.7624229	452.4952872	291.6670461	435.3489775	389.3051794	332.2879167	398.7435557	328.0944094	408.1624886	340.660915	350	350	350	350	350	350 # Average:	358.9726043
#	Fishery	length	composition	sample	size																																						
#	Fishery	1	age	composition	
0.025321	0.105571	0.165563	0.193611	0.095442	0.268407	0.120764	0.025321	0	0	0	0	0	0	0																																						
0.01417	0.015327	0.204164	0.550318	0.13476	0.033545	0.032389	0.015327	0	0	0	0	0	0	0																																						
0.028428	0.168302	0.057358	0.420126	0.264906	0.024151	0.026415	0.010314	0	0	0	0	0	0	0																																						
0.009467	0.110178	0.577515	0.087692	0.16	0.037988	0.011479	0.00568	0	0	0	0	0	0	0																																						
0.032939	0.178617	0.140218	0.468517	0.10737	0.030573	0.036579	0.005187	0	0	0	0	0	0	0																																						
0.014678	0.079766	0.459233	0.315684	0.10843	0.002305	0.012142	0.007761	0	0	0	0	0	0	0																																						
0.156762	0.238147	0.374263	0.176699	0.034247	0.011143	0.005571	0.003168	0	0	0	0	0	0	0																																						
0.165462	0.049415	0.27603	0.185287	0.274689	0.026683	0.017515	0.004919	0	0	0	0	0	0	0																																						
0.031428	0.151596	0.349715	0.280079	0.117347	0.046028	0.017471	0.006335	0	0	0	0	0	0	0																																						
0.011129	0.100338	0.121466	0.264054	0.202123	0.13807	0.076822	0.055643	0.024972	0.004498	0.000566	0.00015	0.0000325	0.000138	0																																						
0.024247	0.527279	0.194871	0.055427	0.074453	0.040192	0.025745	0.02169	0.021289	0.008954	0.003638	0.00095	0.000948	0.000169	0.000147																																						
0.008543	0.150288	0.691843	0.053185	0.014149	0.026573	0.025452	0.013869	0.008162	0.005747	0.001421	0.000562	0.0000904	0.000116	0																																						
0.0002	0.120162	0.454616	0.305986	0.030152	0.013916	0.019279	0.022363	0.017396	0.008572	0.003956	0.002706	0.000697	0	0																																						
0.037672	0.247673	0.331098	0.239905	0.086129	0.019158	0.00703	0.010141	0.008111	0.006514	0.00336	0.001667	0.001229	0.000245	0.0000678																																						
0.012042	0.186306	0.308118	0.261359	0.15068	0.040795	0.011772	0.007098	0.008047	0.006471	0.004559	0.001741	0.000722	0.000221	0.0000692																																						
0.0395	0.211525	0.280373	0.163648	0.152892	0.083939	0.021921	0.010012	0.013973	0.010706	0.006862	0.003069	0.001153	0.000206	0.000222																																						
0.004034	0.190932	0.339926	0.183116	0.104124	0.087117	0.034572	0.015525	0.008981	0.009877	0.010508	0.006561	0.003192	0.001036	0.0005																																						
0.000262	0.033202	0.465713	0.29335	0.104387	0.047308	0.023758	0.01361	0.007403	0.004299	0.003453	0.002115	0.000699	0.00029	0.000152																																						
0.00237	0.012649	0.08055	0.584991	0.210743	0.051754	0.017953	0.017973	0.010743	0.004531	0.002704	0.001587	0.000928	0.000344	0.00018																																						
0.002906	0.067965	0.090431	0.179378	0.468209	0.125093	0.023738	0.014167	0.011353	0.006362	0.004356	0.002808	0.002017	0.000997	0.000218																																						
0.001082	0.023623	0.045694	0.22207	0.253549	0.337247	0.069013	0.01834	0.012938	0.008067	0.00366	0.001299	0.00151	0.000861	0.001046																																						
0.001377	0.028742	0.198541	0.06341	0.190469	0.167426	0.23081	0.058574	0.019048	0.013449	0.012929	0.005553	0.004909	0.002088	0.002675																																						
0.001514	0.042154	0.045222	0.366847	0.104926	0.185293	0.108734	0.105004	0.029249	0.00744	0.001637	0.001264	0.000132	0.000583	0																																						
0	0.014353	0.080902	0.056279	0.299858	0.100715	0.088821	0.065742	0.179309	0.039207	0.028064	0.015557	0.020974	0.004421	0.005799																																						
0	0.004867	0.207078	0.192308	0.115004	0.248302	0.102527	0.047866	0.017872	0.044149	0.008324	0.004658	0.001715	0.002506	0.002825																																						
0	0.002671	0.030904	0.083527	0.252883	0.093473	0.320776	0.053997	0.058166	0.018176	0.07233	0.006102	0.002235	0.001436	0.003325																																						
0.000752	0.018901	0.032625	0.125708	0.114964	0.273633	0.074005	0.211015	0.037632	0.058368	0.005178	0.034402	0.004865	0.002677	0.005275																																						
676.621	111787	39904	86511.9	139156	152795	386167	51933.4	218379	21789.4	114990	13764.7	72642.4	17064.3	41916.7																																						
0	93539.9	674859	132755	79533.9	114217	134308	252161	100104	155077	54319.7	43079.2	12481.1	41848.3	32341.7																																						
164.919	8114.74	262722	1146150	102147	65827.8	63710.3	53256.5	91219.6	20486.7	32304.6	11696.4	12520.1	6667	16501																																						
1639.08	35979.6	56762.5	359649	1066710	175769	54462.4	20196.2	13365.8	20711.4	8554.22	9407.67	7030.43	3719.6	7589.24																																						
0	473.072	81344.2	151699	397469	761197	130590	32209.4	11078.1	8482.89	18227.2	5472.45	6315.59	1549.08	9046.84																																						
0	23237.8	56239.9	81804.7	166442	368500	475118	185612	31412.2	13429.9	8813.42	8561.38	4778.79	5306	5739.3																																						
2364.39	83568.5	37758.9	111673	478565	288300	251336	196723	61581.5	13563.2	6420.07	4976.86	3505.96	4768.99	11173.6																																						
617.056	51145.8	89811.8	71985.8	156917	686938	199049	128342	108710	29493.1	6326.47	5791.55	2868.19	3215.53	5483.29																																						
410.976	11594.8	294969	227749	105250	155675	473743	132714	57528.2	32891.6	3480.37	2229.44	738.789	388.986	1873.17																																						
0	17368.2	80172.8	423185	343030	105384	169067	359491	85963.9	29599.2	24372.6	5668.82	1550.79	808.137	1491.66																																						
0	3735.08	56752.9	162048	574754	405766	136069	129178	158270	57543.4	35104.2	16043.7	5866.49	2923.92	2127.91																																						
920.17	56708.8	111063	214793	284065	602179	267194	99315.8	87377.1	95564	34869.3	14461.4	12615.6	2774.66	1647.21																																						
0	17298.6	402201	320768	366794	305244	332057	157346	53033.4	40166.6	36510.1	23738.5	6950.09	3011.3	4000.46																																						
0	1131.76	90013.2	829602	479713	238170	168677	156876	64043.5	16920.1	18864	26114	10607.6	6637.73	7004.58																																						
0	3128.2	53749.2	391153	861813	489108	156439	67472.6	67084.8	33733.3	11246.6	10232.2	3410.22	1958.38	3553.43																																						
0	12188.2	84168.5	290121	622776	592209	279903	108900	49617.9	38353.7	16420	9613.08	9542.57	5124.14	7953.4																																						
1834.43	19475.6	57200.6	124241	374046	514742	306316	138972	50196.1	28038.4	23321.2	9435.19	6483.15	3424.54	12853.1																																						
0	26913	58603.7	78565.5	147696	307362	242252	149108	83280.2	22297	19102.3	14466	8561.93	2758.46	12678.8																																						
756.32	3388.84	151846	188837	73448.6	101992	126940	106863	85673.1	40671	26384.3	10548.5	8991.83	4141.6	15586.6																																						
2348.71	31374.4	31762.4	560104	222297	53702	44263.6	55814	49326.1	34655.3	13933.6	9053.48	5742.6	6256.57	7050.67																																						
923.87	14731.5	191627	117689	807607	283793	64059.2	39350.7	38264.7	40092.7	25315	13275.9	1724.54	4682.55	5719.59																																						
0	28278.4	120523	942652	173000	432751	138349	37855.3	17807.8	13400.2	15875.3	16008.1	8282.94	7969.21	3580.64																																						
3411.71	1709.41	70236.4	342181	944443	187941	154749	68491.7	20583.6	17703.9	13614.9	12413.9	9029.52	5861.32	7370.78																																						
0	42227.4	31344.4	170902	398997	751351	210358	88198.2	29098	9132.3	4790.48	4998.12	4259.71	2898.57	8887.45																																						
#	Fishery	1	LENGTH																																								
#	Fishery	1	wt-age	#	mean(Wt_1)	0.052																																					
0.0066	0.17	0.303	0.447	0.589	0.722	0.84	0.942	1.029	1.102	1.163	1.212	1.253	1.286	1.312																																						
0.0066	0.17	0.303	0.447	0.589	0.722	0.84	0.942	1.029	1.102	1.163	1.212	1.253	1.286	1.312																																						
0.0066	0.17	0.303	0.447	0.589	0.722	0.84	0.942	1.029	1.102	1.163	1.212	1.253	1.286	1.312																																						
0.0066	0.17	0.303	0.447	0.589	0.722	0.84	0.942	1.029	1.102	1.163	1.212	1.253	1.286	1.312																																						
0.0066	0.17	0.303	0.447	0.589	0.722	0.84	0.942	1.029	1.102	1.163	1.212	1.253	1.286	1.312																																						
0.0066	0.17	0.303	0.447	0.589	0.722	0.84	0.942	1.029	1.102	1.163	1.212	1.253	1.286	1.312																																						
0.0066	0.17	0.303	0.447	0.589	0.722	0.84	0.942	1.029	1.102	1.163	1.212	1.253	1.286	1.312																																						
0.0066	0.17	0.303	0.447	0.589	0.722	0.84	0.942	1.029	1.102	1.163	1.212	1.253	1.286	1.312																																						
0.0066	0.17	0.303	0.447	0.589	0.722	0.84	0.942	1.029	1.102	1.163	1.212	1.253	1.286	1.312																																						
0.0066	0.17	0.303	0.447	0.589	0.722	0.84	0.942	1.029	1.102	1.163	1.212	1.253	1.286	1.312																																						
0.0066	0.17	0.303	0.447	0.589	0.722	0.84	0.942	1.029	1.102	1.163	1.212	1.253	1.286	1.312																																						
0.0066	0.17	0.303	0.447	0.589	0.722	0.84	0.942	1.029	1.102	1.163	1.212	1.253	1.286	1.312																																						
0.0066	0.17	0.303	0.447	0.589	0.722	0.84	0.942	1.029	1.102	1.163	1.212	1.253	1.286	1.312																																						
0.0066	0.17	0.303	0.447	0.589	0.722	0.84	0.942	1.029	1.102	1.163	1.212	1.253	1.286	1.312																																						
0.0066	0.17	0.303	0.447	0.589	0.722	0.84	0.942	1.029	1.102	1.163	1.212	1.253	1.286	1.312																																						
0.0066	0.17	0.303	0.447	0.589	0.722	0.84	0.942	1.029	1.102	1.163	1.212	1.253	1.286	1.312																																						
0.0066	0.17	0.303	0.447	0.589	0.722	0.84	0.942	1.029	1.102	1.163	1.212	1.253	1.286	1.312																																						
0.0066	0.17	0.303	0.447	0.589	0.722	0.84	0.942	1.029	1.102	1.163	1.212	1.253	1.286	1.312																																						
0.0066	0.17	0.303	0.447	0.589	0.722	0.84	0.942	1.029	1.102	1.163	1.212	1.253	1.286	1.312																																						
0.0066	0.17	0.303	0.447	0.589	0.722	0.84	0.942	1.029	1.102	1.163	1.212	1.253	1.286	1.312																																						
0.0066	0.17	0.303	0.447	0.589	0.722	0.84	0.942	1.029	1.102	1.163	1.212	1.253	1.286	1.312																																						
0.0066	0.17	0.303	0.447	0.589	0.722	0.84	0.942	1.029	1.102	1.163	1.212	1.253	1.286	1.312																																						
0.0066	0.17	0.303	0.447	0.589	0.722	0.84	0.942	1.029	1.102	1.163	1.212	1.253	1.286	1.312																																						
0.0066	0.17	0.303	0.447	0.589	0.722	0.84	0.942	1.029	1.102	1.163	1.212	1.253	1.286	1.312																																						
0.0066	0.17	0.303	0.447	0.589	0.722	0.84	0.942	1.029	1.102	1.163	1.212	1.253	1.286	1.312																																						
0.0066	0.17	0.303	0.447	0.589	0.722	0.84	0.942	1.029	1.102	1.163	1.212	1.253	1.286	1.312																																						
0.0066	0.17	0.303	0.447	0.589	0.722	0.84	0.942	1.029	1.102	1.163	1.212	1.253	1.286	1.312																																						
0.0066	0.149613	0.287074	0.478518	0.607784	0.726999	0.848165	0.886708	1.00604	1.12651	1.12472	1.23728	1.24166	1.27866	1.24356																																						
0.0066	0.179094	0.397925	0.468366	0.645403	0.712344	0.814453	0.983014	1.02772	1.22445	1.23385	1.26981	1.17518	1.35258	1.44129																																						
0.0066	0.33131	0.494586	0.612874	0.656368	0.772306	0.929931	1.04311	1.19617	1.22962	1.40652	1.54794	1.64962	1.68839	1.63529																																						
0.0066	0.233091	0.394467	0.648722	0.729957	0.746092	0.705642	1.00956	1.39214	1.31978	1.33861	1.41708	1.37351	1.30966	1.38611																																						
0.0066	0.15348	0.375412	0.501508	0.729554	0.843459	0.855931	0.972505	1.22439	1.33773	1.41273	1.49661	1.39474	1.21192	1.36327																																						
0.0066	0.292889	0.322192	0.428131	0.679651	0.789922	0.946082	0.948793	1.02125	1.08996	1.40326	1.49709	1.53918	1.75043	1.53592																																						
0.0066	0.187184	0.323496	0.466411	0.553658	0.741886	0.888367	1.07108	1.08808	1.2395	1.41048	1.47338	1.72369	1.45773	1.42339																																						
0.0066	0.190536	0.371511	0.58763	0.626816	0.623144	0.778748	1.03409	1.17723	1.24278	1.2938	1.41663	1.55921	1.55589	1.71989																																						
0.0066	0.187805	0.400215	0.502208	0.637934	0.701072	0.726668	0.901184	1.03937	1.27231	1.20728	1.41536	1.16415	1.14116	1.31888																																						
0.0066	0.217708	0.351379	0.523836	0.629775	0.731651	0.78234	0.804874	0.971533	1.01819	1.26801	1.31717	1.31953	1.6654	1.73756																																						
0.0065	0.226725	0.323524	0.496699	0.669171	0.786974	0.962777	0.995093	1.06183	1.13708	1.32711	1.45139	1.58479	1.46591	1.66494																																						
0.0067	0.231265	0.380427	0.508198	0.669378	0.795468	0.908252	1.02397	1.11656	1.09582	1.3001	1.43006	1.61124	1.3193	1.63589																																						
0.0065	0.27607	0.484263	0.550356	0.649823	0.767508	0.861994	0.954343	1.08514	1.22447	1.21338	1.2265	1.44509	1.34027	1.72066																																						
0.0067	0.134785	0.403671	0.580429	0.639829	0.769854	0.890418	0.928496	1.02585	1.20669	1.15885	1.17852	1.35115	1.29176	1.23231																																						
0.0066	0.282639	0.352664	0.50691	0.638784	0.738805	0.879752	0.948492	1.06286	1.09407	1.26723	1.31173	1.31338	1.16394	1.41932																																						
0.0066	0.174065	0.304828	0.448035	0.603781	0.753786	0.854529	0.957879	1.05549	1.12628	1.21862	1.28309	1.30578	1.39888	1.45343																																						
0.006633333	0.154728	0.338274	0.509446	0.641807	0.781609	0.959751	1.10354	1.19585	1.27629	1.32841	1.51617	1.41552	1.76814	1.53197	#	3 year mean value for 2007 mean wt																																				
0.006611111	0.2076326	0.328895	0.520902	0.651869	0.772201	0.899392	1.04181	1.11391	1.20413	1.30906	1.4044	1.51342	1.59903	1.50567																																						
0.006604444	0.135797	0.345015	0.548067	0.686653	0.891986	1.01991	1.15277	1.40716	1.48603	1.63552	1.63743	1.81683	2.17644	2.29226																																						
0.0497677	0.174856	0.37855	0.488982	0.6653465	0.915558	1.106995	1.255065	1.342215	1.594975	1.613485	1.844475	1.944605	2.04919	2.197445																																						
0.030688207	0.204737208	0.289787751	0.508130026	0.665650366	0.806937668	0.972709896	1.22167502	1.3373892	1.50684827	1.57819404	1.61415918	2.11354755	1.73103934	2.26011326		#	0.290	0.508	0.666	0.807	0.973	1.222	1.337	1.507	1.578	1.614	2.114	1.731	2.260																							
0.029020117	0.141972725	0.270712071	0.40984878	0.641391276	0.824416399	0.973291606	1.17328965	1.30725472	1.5225624	1.61446895	1.64770837	1.72126881	2.01961381	2.10490223		#	0.271	0.410	0.641	0.824	0.973	1.173	1.307	1.523	1.614	1.648	1.721	2.020	2.105																							
0.0949551	0.1439405	0.2904545	0.4426295	0.5659045	0.7827365	1.117245	1.274975	1.42942	1.70185	1.84966	1.81874	1.93516	2.11544	2.07088																																						
0.014342609	0.19287	0.348535	0.503953	0.642782	0.761255	0.88899	1.03143	1.14146	1.25062	1.34329	1.43732	1.49903	1.49365	1.54854																																						
# 10 yr average
 0.025182262	0.181323803	0.324771532	0.488690331	0.640396864	0.802929057	0.96725655	1.116092567	1.239300892	1.376365567	1.475793799	1.551522255	1.657854136	1.751536315	1.838453049																																						

#	Number	of	Indices																																								
4																																											
#	Names	of	indices	Chile_AcousCS	Chile_AcousN	Chile_CPUE	DEPM	Peru_Acoustic	Peru_CPUE	Chinese_CPUE	EU_CPUE	USSR_CPUE																															
BTS%ATS%BTS_Age_1%ATS_Age_1
#	Nobs	Indices																																									
34
19
34
19
#	Index	years																																									
1982	1983	1984	1985	1986	1987	1988	1989	1990	1991	1992	1993	1994	1995	1996	1997	1998	1999	2000	2001	2002	2003	2004	2005	2006	2007	2008	2009	2010	2011	2012	2013	2014 2015
1979	1982	1985	1988	1991	1994	1996	1997	1999	2000	2002	2004	2006	2007	2008	2009	2010	2012	2014																																	
1982	1983	1984	1985	1986	1987	1988	1989	1990	1991	1992	1993	1994	1995	1996	1997	1998	1999	2000	2001	2002	2003	2004	2005	2006	2007	2008	2009	2010	2011	2012	2013	2014 2015
1979	1982	1985	1988	1991	1994	1996	1997	1999	2000	2002	2004	2006	2007	2008	2009	2010	2012	2014																																	
#	Month	Indices																																									
7																																											
7																																											
7																																											
7																																											
#	Index	biomasses																																									
9243.54919	11382.31944	7638.195021	10458.60013	7193.419533	8743.478297	11905.68678	10305.65975	9711.45725	6120.677877	6001.446275	7552.478324	6983.085757	8118.292738	4699.537029	5803.709196	4759.999949	6292.741963	7697.551723	6284.597604	6846.634252	10045.51557	5093.081382	7316.428923	3933.967531	5202.356932	3513.191658	2774.741279	4987.8471	3858.686489	5510.879248	6732.669518	10128.56645
46314	17805	14965	12280.04769	7729.521174	9129.620765	5552.904008	6319.487549	9488.786604	7371.833551	11560.44934	6818.739008	2940.09277	3618.120221	4667.503016	2869.712543	10023.03476	6600.399086	13072.70542
948.318323	3917.714818	366.5984945	4785.108916	2187.785878	344.8555383	1069.993697	761.6033377	1720.905215	2418.747547	1338.14184	2347.313166	1248.695892	1442.673553	1434.427813	2238.594253	625.1299471	817.3939324	920.7171363	1465.310182	644.2327904	375.5905102	319.7293215	345.3436712	715.0499396	2022.971611	442.0236439	674.0414618	407.8625275	982.404898	963.5094363	973.2136209	1700.994948
69110	108	2076	10.85474	639.267538	452.855235	972.336344	12383.79911	111.865503	257.922016	561.3136619	15.75365101	455.5651304	5588.540574	36.48153635	5127.665982	2525.540953	66.87435516	4032.277498
#	Index	std	errors																																								
	1273.285278	1192.078856	791.3744436	1948.810843	836.6238701	1125.618843	1465.567231	1136.254285	1373.069853	827.3791936	808.4343851	919.617203	972.7230305	1809.090952	508.440852	1082.001248	591.860138	833.7953586	1017.269656	695.623677	768.5246906	1863.11929	498.7183474	742.7582918	426.7153306	668.5113612	430.9032722	415.0753128	707.0248652	452.5938245	610.7990627	625.3008236	792.4173143																		
	115785	3561	2993	2456.009538	1545.904235	1756.207762	886.3598381	956.9932688	2135.987298	965.496704	1466.768941	1032.597546	469.3004144	666.3782347	1459.290413	1033.585396	2461.363655	1650.099771	3268.176354																																
	1273.285278	1192.078856	791.3744436	1948.810843	836.6238701	1125.618843	1465.567231	1136.254285	1373.069853	827.3791936	808.4343851	919.617203	972.7230305	1809.090952	508.440852	1082.001248	591.860138	833.7953586	1017.269656	695.623677	768.5246906	1863.11929	498.7183474	742.7582918	426.7153306	668.5113612	430.9032722	415.0753128	707.0248652	452.5938245	610.7990627	625.3008236	792.4173143																		
	115785	3561	2993	2456.009538	1545.904235	1756.207762	886.3598381	956.9932688	2135.987298	965.496704	1466.768941	1032.597546	469.3004144	666.3782347	1459.290413	1033.585396	2461.363655	1650.099771	3268.176354																																
#	Number	of	Index	age	data																																						
33
19
0																																											
0																																											
#	Number	of	Index	length	data																																						
0																																											
0																																											
0																																											
0																																											
#	Index	age	years																																								
1982	1983	1984	1985	1986	1987	1988	1989	1990	1991	1992	1993	1994	1995	1996	1997	1998	1999	2000	2001	2002	2003	2004	2005	2006	2007	2008	2009	2010	2011	2012	2013	2014																			
1979	1982	1985	1988	1991	1994	1996	1997	1999	2000	2002	2004	2006	2007	2008	2009	2010	2012	2014																																	
1982	1983	1984	1985	1986	1987	1988	1989	1990	1991	1992	1993	1994	1995	1996	1997	1998	1999	2000	2001	2002	2003	2004	2005	2006	2007	2008	2009	2010	2011	2012	2013	2014																			
1979	1982	1985	1988	1991	1994	1996	1997	1999	2000	2002	2004	2006	2007	2008	2009	2010	2012	2014																																	
#																																											
#	Index	age	composition	sample	sizes																																						
100	100	100	100	100	100	100	100	100	100	100	100	100	100	100	100	100	100	100	100	100	100	100	100	100	100	100	100	100	100	100	100	100	
6.092916984	29.24600152	44.47829398	15.23229246	37.7760853	46.91546078	34.72962681	52.39908606	74.3335872	77.9893374	76.770754	84.69154608	63.36633663	63.36633663	60.92916984	50	50	50	20	
#																																											
#																																											
#	Index	1 age	comp	
0	2270.8758	2432.638741	3114.64369	1060.762926	143.7542557	99.9428862	48.0010892	30.2104456	19.21526614	11.74561062	7.2366689	2.540604749	1.00363651	0.977569385		#	10,192	1982	19	1	2	1	16	33	33	33	33	33	33																						
0	575.7366168	1278.26658	2267.126973	5055.358114	1554.163233	286.327107	156.8353503	71.0760298	60.9343506	45.7312287	16.22900641	6.572278128	5.47444849	2.488126297		#	15,300	1983	2	6	4	5	1	9	28	28	29	28	27																						
0	280.867023	398.6091672	1152.473417	1458.015803	3425.920501	652.167885	145.0921141	67.7714231	24.17986799	16.18271698	6.38144109	3.71773614	4.542057517	2.273868323		#	8,005	1984	30	19	13	12	10	3	16	29	30	32	32																						
0	676.7816485	2562.932642	832.569383	2875.963992	1834.83873	1271.914851	252.1900594	65.1724112	53.41234055	18.69710568	6.29236956	6.76815498	0.742390938	0.3240475		#	15,244	1985	1	4	1	16	6	7	6	25	32	31	31																						
0	496.812654	362.2065172	1337.70885	816.389523	1382.661321	1219.608467	1122.544524	357.520669	55.5898536	25.74979442	11.29244868	1.112887267	3.039171207	1.182852371		#	9,381	1986	6	11	15	8	23	10	7	3	10	30	30																						
0	559.3896709	723.0968035	538.475631	3245.869253	913.181274	917.96365	370.297063	1197.313855	189.0098846	57.401159	23.16003902	4.344125591	2.142459712	1.833428195		#	9,088	1987	32	7	6	21	3	19	11	17	1	14	25																						
0	511.9432747	1198.020823	2285.846309	1012.447562	3319.161625	1001.589254	785.560406	462.254581	1117.443322	107.3256072	64.3238363	13.405138	16.90714182	9.457903599		#	12,976	1988	15	10	5	4	19	4	10	5	7	1	15																						
0	224.8233139	428.462434	1411.432831	3197.712384	645.187341	2485.723534	379.409597	471.255722	182.2870343	580.827609	101.0704893	89.1580083	44.7678267	63.5416257		#	11,067	1989	22	22	12	7	4	26	1	16	6	16	2																						
0	240.9151522	85.8139787	552.212161	1110.283609	3754.278963	759.333121	1906.455243	197.5922564	372.663477	57.875726	543.608396	46.8217213	35.8261891	47.77725597		#	11,432	1990	8	20	32	20	15	2	14	1	21	7	24																						
0	659.6211004	233.5564617	76.1350537	461.111454	429.473478	1420.944015	534.266426	1157.925412	303.531434	418.63985	87.4816568	264.788153	37.9082295	35.29515248		#	8,539	1991	3	5	21	33	28	30	5	9	2	9	3																						
0	324.4345607	1702.612708	284.670618	319.091153	536.439764	477.838353	688.900029	310.443699	594.723032	212.1062784	268.217786	117.1265041	92.1768144	72.66497566		#	7,340	1992	13	16	3	28	32	27	23	7	11	3	7																						
0	333.4071259	709.2896649	2971.946092	647.184773	520.837983	275.264355	384.026854	526.582392	324.882653	285.576898	207.8521668	164.5632577	91.1640503	109.9000581		#	9,900	1993	4	15	8	2	26	29	29	15	5	8	5																						
0	520.748566	395.4978313	1115.135079	3026.014627	530.345211	140.5955999	124.3442154	142.662752	267.686631	165.8144341	233.321294	89.2606256	86.3624014	145.296489		#	8,232	1994	14	9	14	13	5	28	32	31	25	10	11																						
0	138.4665367	269.9332874	1224.40913	1603.790037	2566.098146	1086.49101	287.6129521	178.8533286	116.0507891	219.4768765	90.5052057	167.3383321	67.9995203	101.2675867		#	9,561	1995	11	25	20	9	9	5	8	23	24	23	6																						
0	346.4760351	155.1592229	308.069687	806.089475	1125.306771	1026.948591	348.815697	87.4460282	94.2239513	64.5392815	122.7720708	40.3463618	73.7800056	99.56385124		#	6,134	1996	12	13	27	26	24	14	9	18	28	25	22																						
0	338.5321423	146.552366	179.5261121	2165.635536	1008.368178	626.0565516	782.006481	136.5509178	70.45060054	52.98746455	58.683903	95.970996	31.519505	110.8684421		#	8,042	1997	5	14	28	31	8	16	19	6	26	26	26																						
0	549.378551	280.8742235	185.4575956	354.099554	2024.353837	528.585325	342.18506	268.517382	67.5118075	30.8042419	10.95065936	24.23061269	27.7940995	65.25699979		#	5,385	1998	26	8	19	30	31	6	22	19	17	27	29																						
0	704.0605951	646.1499686	700.634809	401.404795	725.667394	1845.788765	514.24095	259.815843	243.245298	90.5415721	38.8262607	16.30396269	23.96801564	82.09373375		#	7,110	1999	21	3	9	19	30	23	3	10	18	11	18																						
0	292.4779435	352.8444328	1188.959697	1222.758675	647.507107	570.500396	1874.296786	736.965024	394.243053	172.3739942	115.9124492	36.4951479	16.71311324	75.50390377		#	8,618	2000	20	18	16	10	14	25	20	2	3	6	10																						
0	840.7486141	440.9966822	406.788118	1034.173207	1093.453952	474.8417722	239.2911686	717.896081	518.4255298	201.4787721	162.7879354	65.5438332	23.28800553	64.88393299		#	7,750	2001	10	2	11	22	18	15	24	26	4	5	8																						
0	300.360682	620.8000862	893.90193	928.4763005	1205.253743	627.4708316	306.5531303	420.568382	792.2762124	395.829058	178.6579872	106.5499148	32.8216263	37.11436797		#	7,491	2002	25	17	10	15	22	13	18	22	8	2	4																						
0	124.474531	722.5028404	1178.298393	1376.844413	1243.976485	1651.251925	914.592631	411.328383	536.193667	1080.583496	468.787135	178.7728596	89.3253136	68.58349334		#	10,421	2003	29	26	7	11	12	12	4	4	9	4	1																						
0	224.9331442	140.2100129	1036.17718	1004.888135	762.1893	448.11718	486.278223	241.6986468	151.3372536	151.8446888	274.814027	117.9392922	29.44916988	23.20512867		#	5,413	2004	33	21	29	14	20	22	25	12	20	18	13																						
0	123.9806079	184.9776717	798.513213	2318.797427	1578.443976	838.051814	386.979361	297.304201	230.1176571	59.7960127	126.7270138	207.1677194	81.1265629	84.44568526		#	7,662	2005	31	27	26	17	7	8	13	14	13	12	23																						
0	61.88969152	96.3229701	316.739671	790.630515	1005.91178	646.788574	312.309643	179.0551201	155.1716346	74.69282192	46.7087705	67.3712577	90.5002736	89.87480763		#	4,649	2006	23	32	31	25	25	17	17	21	23	17	21																						
0	47.65580159	116.467896	337.130295	1056.970379	1244.901514	904.837377	656.013683	278.369874	125.16989	116.4164795	100.803874	46.533917	58.3357111	112.7502405		#	7,225	2007	7	33	30	24	17	11	12	8	16	20	14																						
0	99.0611885	81.82251567	147.9387011	421.384508	851.758442	672.562975	470.534514	299.940722	118.4300921	99.5722032	75.9791911	34.674531	19.19732263	120.3347513		#	3,955	2008	27	30	33	32	29	21	15	13	12	22	17																						
0	165.0048792	342.014547	372.039277	219.232418	318.7838575	433.2798942	341.5075897	249.65676	123.2543121	81.61204289	27.4021465	27.5901815	14.38873131	58.9746417		#	3,449	2009	24	24	18	23	33	31	26	20	19	21	19																						
0	114.6087534	203.7959568	2054.692028	930.311977	294.524699	260.666731	278.499286	294.875773	202.9905252	175.1043318	64.3932696	39.3554919	23.00964545	51.01863232		#	5,396	2010	28	28	23	6	21	32	30	24	14	13	9																						
0	100.1051817	208.2974757	284.876505	1433.132878	706.5090629	210.0406633	120.7713559	189.3905359	188.5125959	157.3872687	120.3496432	50.8651104	24.0155003	64.43271183		#	4,841	2011	16	29	22	27	11	24	31	32	22	15	12																						
0	188.1058104	344.160604	2472.084538	572.209881	914.811795	313.042942	124.5864882	93.9555954	129.9670893	106.170878	93.8743027	78.6379684	28.0679673	51.20338797		#	6,474	2012	18	23	17	3	27	18	27	30	27	19	16																						
0	98.72029541	189.3880648	744.104562	3701.822387	864.912476	547.162349	193.6914249	65.9772135	60.016494	79.2361464	59.7942143	55.7732516	30.7292009	41.34143773		#	7,706	2012	17	31	25	18	2	20	21	27	31	29	20																						
0	437.9053115	203.4924028	268.3339015	1232.682101	4494.028728	2346.174602	508.311172	281.09283	103.2564952	39.8830903	56.4467054	57.5958366	27.125062	72.2382072		#	11,830	2012	9	12	24	29	13	1	2	11	15	24	28																						
#	Index	2 age	comp	
0	41132	3884	413	534	128	30	4	28	59	69	29	3	1	0		
0	3401	4108	7637	1790	283	141	178	90	55	122	0	0	0	0
0	929	8149	898	2186	1510	1127	130	21	7	8	0	0	0	0	
0	1112	3586	3864	739	1882	403	151	129.52866	254.51903	159	0	0	0	0		
0	5942.329255	967.026421	214.547946	224.129227	133.045368	119.732088	38.685293	37.037006	14.667193	16.038739	5.275012	7.862405	4.59	4.555221		
0	3905.610605	1127.234019	1670.302826	1908.487018	293.253466	69.328887	66.771672	30.09459	21.061382	6.390414	13.009868	2.981084	5.663838	9.431096		
0	446.396599	520.371331	2686.4816	820.736359	509.295056	434.354034	84.86886	16.722781	6.274944	5.698888	12.14511	1.307937	4.783178	3.467331		
0	2742.751722	385.328882	490.909811	1918.113717	384.006258	205.285501	142.672406	32.735836	3.888478	4.945534	2.010226	2.23296	2.299789	2.306429		
0	1587.614967	3596.956974	1683.593411	582.565536	273.94561	1169.058192	400.235038	104.643576	66.873683	14.464537	6.471546	1.67028	0	0.693254		
0	1272.329433	1184.944489	2480.024776	899.713749	243.88862	233.993126	725.124366	190.427626	84.693969	35.625884	18.077578	1.166461	1.355107	0.468367		
0	4187.551774	3841.040459	1295.262536	685.3461837	593.3351789	287.5727544	99.9914763	131.7143046	237.8775143	117.87598	48.1013079	25.20001548	6.425678831	3.154175228		
0	275.0665226	1188.798451	2928.940761	1444.343027	417.0268039	202.4937822	192.769334	67.99797613	34.69928915	24.59987663	19.81017834	12.14273617	5.799532623	4.25073749		
0	208.6129204	281.9730476	610.0740379	695.2963532	551.7797146	319.70128	110.0721931	52.989149	40.3261406	23.3214216	16.2302369	8.5639042	9.8944229	11.2579484		
0	1026.211437	319.7063395	430.0713328	669.189032	588.8287128	305.6689523	166.2107097	60.1981392	18.77736345	20.17779365	5.733617103	1.704096437	2.100029108	3.542666307		
0	2905.293594	1031.607377	144.3884643	106.8671192	170.1761667	132.3775184	70.69072706	58.21768156	14.96783807	15.14849921	6.928638088	4.455127187	1.927581055	4.456684522		
0	797.3980385	1674.345701	198.9323923	31.05669911	33.90882416	50.51326614	37.51627673	20.79389747	15.82204417	5.545746628	2.159494978	0.515227389	0.417684755	0.787249509		
0	6395.199916	973.4755037	2183.452529	383.6457724	46.29690524	6.22028568	7.400184611	6.789163034	6.479340548	5.99031765	2.608662115	1.938640201	1.295398809	2.242141749		
0	1963.087816	1640.61799	2444.132675	202.6385066	246.0716328	63.62925628	13.08068839	8.33131731	6.460246421	6.567318238	1.965435172	2.492268874	0.592599582	0.731335279		
0	8326.995149	1341.696449	545.0993078	895.7129218	1236.75028	563.5793331	82.84329736	40.36530787	13.48197908	5.085727716	6.39184898	5.800318004	2.984895976	5.918602149		
#	Index	3 age	comp	
#	Index	4 age	comp																																								
#																																											
#	Index	wt-age	1	AcousCS																																							
1. 1. 1. 1. 1. 1. 1. 1. 1. 1. 1. 1. 1. 1. 1. 
1. 1. 1. 1. 1. 1. 1. 1. 1. 1. 1. 1. 1. 1. 1. 
1. 1. 1. 1. 1. 1. 1. 1. 1. 1. 1. 1. 1. 1. 1. 
1. 1. 1. 1. 1. 1. 1. 1. 1. 1. 1. 1. 1. 1. 1. 
1. 1. 1. 1. 1. 1. 1. 1. 1. 1. 1. 1. 1. 1. 1. 
1. 1. 1. 1. 1. 1. 1. 1. 1. 1. 1. 1. 1. 1. 1. 
1. 1. 1. 1. 1. 1. 1. 1. 1. 1. 1. 1. 1. 1. 1. 
1. 1. 1. 1. 1. 1. 1. 1. 1. 1. 1. 1. 1. 1. 1. 
1. 1. 1. 1. 1. 1. 1. 1. 1. 1. 1. 1. 1. 1. 1. 
1. 1. 1. 1. 1. 1. 1. 1. 1. 1. 1. 1. 1. 1. 1. 
1. 1. 1. 1. 1. 1. 1. 1. 1. 1. 1. 1. 1. 1. 1. 
1. 1. 1. 1. 1. 1. 1. 1. 1. 1. 1. 1. 1. 1. 1. 
1. 1. 1. 1. 1. 1. 1. 1. 1. 1. 1. 1. 1. 1. 1. 
1. 1. 1. 1. 1. 1. 1. 1. 1. 1. 1. 1. 1. 1. 1. 
1. 1. 1. 1. 1. 1. 1. 1. 1. 1. 1. 1. 1. 1. 1. 
1. 1. 1. 1. 1. 1. 1. 1. 1. 1. 1. 1. 1. 1. 1. 
1. 1. 1. 1. 1. 1. 1. 1. 1. 1. 1. 1. 1. 1. 1. 
1. 1. 1. 1. 1. 1. 1. 1. 1. 1. 1. 1. 1. 1. 1. 
1. 1. 1. 1. 1. 1. 1. 1. 1. 1. 1. 1. 1. 1. 1. 
1. 1. 1. 1. 1. 1. 1. 1. 1. 1. 1. 1. 1. 1. 1. 
1. 1. 1. 1. 1. 1. 1. 1. 1. 1. 1. 1. 1. 1. 1. 
1. 1. 1. 1. 1. 1. 1. 1. 1. 1. 1. 1. 1. 1. 1. 
1. 1. 1. 1. 1. 1. 1. 1. 1. 1. 1. 1. 1. 1. 1. 
1. 1. 1. 1. 1. 1. 1. 1. 1. 1. 1. 1. 1. 1. 1. 
1. 1. 1. 1. 1. 1. 1. 1. 1. 1. 1. 1. 1. 1. 1. 
1. 1. 1. 1. 1. 1. 1. 1. 1. 1. 1. 1. 1. 1. 1. 
1. 1. 1. 1. 1. 1. 1. 1. 1. 1. 1. 1. 1. 1. 1. 
1. 1. 1. 1. 1. 1. 1. 1. 1. 1. 1. 1. 1. 1. 1. 
1. 1. 1. 1. 1. 1. 1. 1. 1. 1. 1. 1. 1. 1. 1. 
1. 1. 1. 1. 1. 1. 1. 1. 1. 1. 1. 1. 1. 1. 1. 
1. 1. 1. 1. 1. 1. 1. 1. 1. 1. 1. 1. 1. 1. 1. 
1. 1. 1. 1. 1. 1. 1. 1. 1. 1. 1. 1. 1. 1. 1. 
1. 1. 1. 1. 1. 1. 1. 1. 1. 1. 1. 1. 1. 1. 1. 
1. 1. 1. 1. 1. 1. 1. 1. 1. 1. 1. 1. 1. 1. 1. 
1. 1. 1. 1. 1. 1. 1. 1. 1. 1. 1. 1. 1. 1. 1. 
1. 1. 1. 1. 1. 1. 1. 1. 1. 1. 1. 1. 1. 1. 1. 
1. 1. 1. 1. 1. 1. 1. 1. 1. 1. 1. 1. 1. 1. 1. 
1. 1. 1. 1. 1. 1. 1. 1. 1. 1. 1. 1. 1. 1. 1. 
1. 1. 1. 1. 1. 1. 1. 1. 1. 1. 1. 1. 1. 1. 1. 
1. 1. 1. 1. 1. 1. 1. 1. 1. 1. 1. 1. 1. 1. 1. 
1. 1. 1. 1. 1. 1. 1. 1. 1. 1. 1. 1. 1. 1. 1. 
1. 1. 1. 1. 1. 1. 1. 1. 1. 1. 1. 1. 1. 1. 1. 
1. 1. 1. 1. 1. 1. 1. 1. 1. 1. 1. 1. 1. 1. 1. 
1. 1. 1. 1. 1. 1. 1. 1. 1. 1. 1. 1. 1. 1. 1. 
1. 1. 1. 1. 1. 1. 1. 1. 1. 1. 1. 1. 1. 1. 1. 
1. 1. 1. 1. 1. 1. 1. 1. 1. 1. 1. 1. 1. 1. 1. 
1. 1. 1. 1. 1. 1. 1. 1. 1. 1. 1. 1. 1. 1. 1. 
1. 1. 1. 1. 1. 1. 1. 1. 1. 1. 1. 1. 1. 1. 1. 
1. 1. 1. 1. 1. 1. 1. 1. 1. 1. 1. 1. 1. 1. 1. 
1. 1. 1. 1. 1. 1. 1. 1. 1. 1. 1. 1. 1. 1. 1. 
1. 1. 1. 1. 1. 1. 1. 1. 1. 1. 1. 1. 1. 1. 1. 
#	Index	wt-age	2	Acous_N																																							
1. 1. 1. 1. 1. 1. 1. 1. 1. 1. 1. 1. 1. 1. 1. 
1. 1. 1. 1. 1. 1. 1. 1. 1. 1. 1. 1. 1. 1. 1. 
1. 1. 1. 1. 1. 1. 1. 1. 1. 1. 1. 1. 1. 1. 1. 
1. 1. 1. 1. 1. 1. 1. 1. 1. 1. 1. 1. 1. 1. 1. 
1. 1. 1. 1. 1. 1. 1. 1. 1. 1. 1. 1. 1. 1. 1. 
1. 1. 1. 1. 1. 1. 1. 1. 1. 1. 1. 1. 1. 1. 1. 
1. 1. 1. 1. 1. 1. 1. 1. 1. 1. 1. 1. 1. 1. 1. 
1. 1. 1. 1. 1. 1. 1. 1. 1. 1. 1. 1. 1. 1. 1. 
1. 1. 1. 1. 1. 1. 1. 1. 1. 1. 1. 1. 1. 1. 1. 
1. 1. 1. 1. 1. 1. 1. 1. 1. 1. 1. 1. 1. 1. 1. 
1. 1. 1. 1. 1. 1. 1. 1. 1. 1. 1. 1. 1. 1. 1. 
1. 1. 1. 1. 1. 1. 1. 1. 1. 1. 1. 1. 1. 1. 1. 
1. 1. 1. 1. 1. 1. 1. 1. 1. 1. 1. 1. 1. 1. 1. 
1. 1. 1. 1. 1. 1. 1. 1. 1. 1. 1. 1. 1. 1. 1. 
1. 1. 1. 1. 1. 1. 1. 1. 1. 1. 1. 1. 1. 1. 1. 
1. 1. 1. 1. 1. 1. 1. 1. 1. 1. 1. 1. 1. 1. 1. 
1. 1. 1. 1. 1. 1. 1. 1. 1. 1. 1. 1. 1. 1. 1. 
1. 1. 1. 1. 1. 1. 1. 1. 1. 1. 1. 1. 1. 1. 1. 
1. 1. 1. 1. 1. 1. 1. 1. 1. 1. 1. 1. 1. 1. 1. 
1. 1. 1. 1. 1. 1. 1. 1. 1. 1. 1. 1. 1. 1. 1. 
1. 1. 1. 1. 1. 1. 1. 1. 1. 1. 1. 1. 1. 1. 1. 
1. 1. 1. 1. 1. 1. 1. 1. 1. 1. 1. 1. 1. 1. 1. 
1. 1. 1. 1. 1. 1. 1. 1. 1. 1. 1. 1. 1. 1. 1. 
1. 1. 1. 1. 1. 1. 1. 1. 1. 1. 1. 1. 1. 1. 1. 
1. 1. 1. 1. 1. 1. 1. 1. 1. 1. 1. 1. 1. 1. 1. 
1. 1. 1. 1. 1. 1. 1. 1. 1. 1. 1. 1. 1. 1. 1. 
1. 1. 1. 1. 1. 1. 1. 1. 1. 1. 1. 1. 1. 1. 1. 
1. 1. 1. 1. 1. 1. 1. 1. 1. 1. 1. 1. 1. 1. 1. 
1. 1. 1. 1. 1. 1. 1. 1. 1. 1. 1. 1. 1. 1. 1. 
1. 1. 1. 1. 1. 1. 1. 1. 1. 1. 1. 1. 1. 1. 1. 
1. 1. 1. 1. 1. 1. 1. 1. 1. 1. 1. 1. 1. 1. 1. 
1. 1. 1. 1. 1. 1. 1. 1. 1. 1. 1. 1. 1. 1. 1. 
1. 1. 1. 1. 1. 1. 1. 1. 1. 1. 1. 1. 1. 1. 1. 
1. 1. 1. 1. 1. 1. 1. 1. 1. 1. 1. 1. 1. 1. 1. 
1. 1. 1. 1. 1. 1. 1. 1. 1. 1. 1. 1. 1. 1. 1. 
1. 1. 1. 1. 1. 1. 1. 1. 1. 1. 1. 1. 1. 1. 1. 
1. 1. 1. 1. 1. 1. 1. 1. 1. 1. 1. 1. 1. 1. 1. 
1. 1. 1. 1. 1. 1. 1. 1. 1. 1. 1. 1. 1. 1. 1. 
1. 1. 1. 1. 1. 1. 1. 1. 1. 1. 1. 1. 1. 1. 1. 
1. 1. 1. 1. 1. 1. 1. 1. 1. 1. 1. 1. 1. 1. 1. 
1. 1. 1. 1. 1. 1. 1. 1. 1. 1. 1. 1. 1. 1. 1. 
1. 1. 1. 1. 1. 1. 1. 1. 1. 1. 1. 1. 1. 1. 1. 
1. 1. 1. 1. 1. 1. 1. 1. 1. 1. 1. 1. 1. 1. 1. 
1. 1. 1. 1. 1. 1. 1. 1. 1. 1. 1. 1. 1. 1. 1. 
1. 1. 1. 1. 1. 1. 1. 1. 1. 1. 1. 1. 1. 1. 1. 
1. 1. 1. 1. 1. 1. 1. 1. 1. 1. 1. 1. 1. 1. 1. 
1. 1. 1. 1. 1. 1. 1. 1. 1. 1. 1. 1. 1. 1. 1. 
1. 1. 1. 1. 1. 1. 1. 1. 1. 1. 1. 1. 1. 1. 1. 
1. 1. 1. 1. 1. 1. 1. 1. 1. 1. 1. 1. 1. 1. 1. 
1. 1. 1. 1. 1. 1. 1. 1. 1. 1. 1. 1. 1. 1. 1. 
1. 1. 1. 1. 1. 1. 1. 1. 1. 1. 1. 1. 1. 1. 1. 
#	Index	wt-age	3	Chile_CPUE																																							
1. 1. 1. 1. 1. 1. 1. 1. 1. 1. 1. 1. 1. 1. 1. 
1. 1. 1. 1. 1. 1. 1. 1. 1. 1. 1. 1. 1. 1. 1. 
1. 1. 1. 1. 1. 1. 1. 1. 1. 1. 1. 1. 1. 1. 1. 
1. 1. 1. 1. 1. 1. 1. 1. 1. 1. 1. 1. 1. 1. 1. 
1. 1. 1. 1. 1. 1. 1. 1. 1. 1. 1. 1. 1. 1. 1. 
1. 1. 1. 1. 1. 1. 1. 1. 1. 1. 1. 1. 1. 1. 1. 
1. 1. 1. 1. 1. 1. 1. 1. 1. 1. 1. 1. 1. 1. 1. 
1. 1. 1. 1. 1. 1. 1. 1. 1. 1. 1. 1. 1. 1. 1. 
1. 1. 1. 1. 1. 1. 1. 1. 1. 1. 1. 1. 1. 1. 1. 
1. 1. 1. 1. 1. 1. 1. 1. 1. 1. 1. 1. 1. 1. 1. 
1. 1. 1. 1. 1. 1. 1. 1. 1. 1. 1. 1. 1. 1. 1. 
1. 1. 1. 1. 1. 1. 1. 1. 1. 1. 1. 1. 1. 1. 1. 
1. 1. 1. 1. 1. 1. 1. 1. 1. 1. 1. 1. 1. 1. 1. 
1. 1. 1. 1. 1. 1. 1. 1. 1. 1. 1. 1. 1. 1. 1. 
1. 1. 1. 1. 1. 1. 1. 1. 1. 1. 1. 1. 1. 1. 1. 
1. 1. 1. 1. 1. 1. 1. 1. 1. 1. 1. 1. 1. 1. 1. 
1. 1. 1. 1. 1. 1. 1. 1. 1. 1. 1. 1. 1. 1. 1. 
1. 1. 1. 1. 1. 1. 1. 1. 1. 1. 1. 1. 1. 1. 1. 
1. 1. 1. 1. 1. 1. 1. 1. 1. 1. 1. 1. 1. 1. 1. 
1. 1. 1. 1. 1. 1. 1. 1. 1. 1. 1. 1. 1. 1. 1. 
1. 1. 1. 1. 1. 1. 1. 1. 1. 1. 1. 1. 1. 1. 1. 
1. 1. 1. 1. 1. 1. 1. 1. 1. 1. 1. 1. 1. 1. 1. 
1. 1. 1. 1. 1. 1. 1. 1. 1. 1. 1. 1. 1. 1. 1. 
1. 1. 1. 1. 1. 1. 1. 1. 1. 1. 1. 1. 1. 1. 1. 
1. 1. 1. 1. 1. 1. 1. 1. 1. 1. 1. 1. 1. 1. 1. 
1. 1. 1. 1. 1. 1. 1. 1. 1. 1. 1. 1. 1. 1. 1. 
1. 1. 1. 1. 1. 1. 1. 1. 1. 1. 1. 1. 1. 1. 1. 
1. 1. 1. 1. 1. 1. 1. 1. 1. 1. 1. 1. 1. 1. 1. 
1. 1. 1. 1. 1. 1. 1. 1. 1. 1. 1. 1. 1. 1. 1. 
1. 1. 1. 1. 1. 1. 1. 1. 1. 1. 1. 1. 1. 1. 1. 
1. 1. 1. 1. 1. 1. 1. 1. 1. 1. 1. 1. 1. 1. 1. 
1. 1. 1. 1. 1. 1. 1. 1. 1. 1. 1. 1. 1. 1. 1. 
1. 1. 1. 1. 1. 1. 1. 1. 1. 1. 1. 1. 1. 1. 1. 
1. 1. 1. 1. 1. 1. 1. 1. 1. 1. 1. 1. 1. 1. 1. 
1. 1. 1. 1. 1. 1. 1. 1. 1. 1. 1. 1. 1. 1. 1. 
1. 1. 1. 1. 1. 1. 1. 1. 1. 1. 1. 1. 1. 1. 1. 
1. 1. 1. 1. 1. 1. 1. 1. 1. 1. 1. 1. 1. 1. 1. 
1. 1. 1. 1. 1. 1. 1. 1. 1. 1. 1. 1. 1. 1. 1. 
1. 1. 1. 1. 1. 1. 1. 1. 1. 1. 1. 1. 1. 1. 1. 
1. 1. 1. 1. 1. 1. 1. 1. 1. 1. 1. 1. 1. 1. 1. 
1. 1. 1. 1. 1. 1. 1. 1. 1. 1. 1. 1. 1. 1. 1. 
1. 1. 1. 1. 1. 1. 1. 1. 1. 1. 1. 1. 1. 1. 1. 
1. 1. 1. 1. 1. 1. 1. 1. 1. 1. 1. 1. 1. 1. 1. 
1. 1. 1. 1. 1. 1. 1. 1. 1. 1. 1. 1. 1. 1. 1. 
1. 1. 1. 1. 1. 1. 1. 1. 1. 1. 1. 1. 1. 1. 1. 
1. 1. 1. 1. 1. 1. 1. 1. 1. 1. 1. 1. 1. 1. 1. 
1. 1. 1. 1. 1. 1. 1. 1. 1. 1. 1. 1. 1. 1. 1. 
1. 1. 1. 1. 1. 1. 1. 1. 1. 1. 1. 1. 1. 1. 1. 
1. 1. 1. 1. 1. 1. 1. 1. 1. 1. 1. 1. 1. 1. 1. 
1. 1. 1. 1. 1. 1. 1. 1. 1. 1. 1. 1. 1. 1. 1. 
1. 1. 1. 1. 1. 1. 1. 1. 1. 1. 1. 1. 1. 1. 1. 
#	Index	wt-age	4	DEPM																																							
1. 1. 1. 1. 1. 1. 1. 1. 1. 1. 1. 1. 1. 1. 1. 
1. 1. 1. 1. 1. 1. 1. 1. 1. 1. 1. 1. 1. 1. 1. 
1. 1. 1. 1. 1. 1. 1. 1. 1. 1. 1. 1. 1. 1. 1. 
1. 1. 1. 1. 1. 1. 1. 1. 1. 1. 1. 1. 1. 1. 1. 
1. 1. 1. 1. 1. 1. 1. 1. 1. 1. 1. 1. 1. 1. 1. 
1. 1. 1. 1. 1. 1. 1. 1. 1. 1. 1. 1. 1. 1. 1. 
1. 1. 1. 1. 1. 1. 1. 1. 1. 1. 1. 1. 1. 1. 1. 
1. 1. 1. 1. 1. 1. 1. 1. 1. 1. 1. 1. 1. 1. 1. 
1. 1. 1. 1. 1. 1. 1. 1. 1. 1. 1. 1. 1. 1. 1. 
1. 1. 1. 1. 1. 1. 1. 1. 1. 1. 1. 1. 1. 1. 1. 
1. 1. 1. 1. 1. 1. 1. 1. 1. 1. 1. 1. 1. 1. 1. 
1. 1. 1. 1. 1. 1. 1. 1. 1. 1. 1. 1. 1. 1. 1. 
1. 1. 1. 1. 1. 1. 1. 1. 1. 1. 1. 1. 1. 1. 1. 
1. 1. 1. 1. 1. 1. 1. 1. 1. 1. 1. 1. 1. 1. 1. 
1. 1. 1. 1. 1. 1. 1. 1. 1. 1. 1. 1. 1. 1. 1. 
1. 1. 1. 1. 1. 1. 1. 1. 1. 1. 1. 1. 1. 1. 1. 
1. 1. 1. 1. 1. 1. 1. 1. 1. 1. 1. 1. 1. 1. 1. 
1. 1. 1. 1. 1. 1. 1. 1. 1. 1. 1. 1. 1. 1. 1. 
1. 1. 1. 1. 1. 1. 1. 1. 1. 1. 1. 1. 1. 1. 1. 
1. 1. 1. 1. 1. 1. 1. 1. 1. 1. 1. 1. 1. 1. 1. 
1. 1. 1. 1. 1. 1. 1. 1. 1. 1. 1. 1. 1. 1. 1. 
1. 1. 1. 1. 1. 1. 1. 1. 1. 1. 1. 1. 1. 1. 1. 
1. 1. 1. 1. 1. 1. 1. 1. 1. 1. 1. 1. 1. 1. 1. 
1. 1. 1. 1. 1. 1. 1. 1. 1. 1. 1. 1. 1. 1. 1. 
1. 1. 1. 1. 1. 1. 1. 1. 1. 1. 1. 1. 1. 1. 1. 
1. 1. 1. 1. 1. 1. 1. 1. 1. 1. 1. 1. 1. 1. 1. 
1. 1. 1. 1. 1. 1. 1. 1. 1. 1. 1. 1. 1. 1. 1. 
1. 1. 1. 1. 1. 1. 1. 1. 1. 1. 1. 1. 1. 1. 1. 
1. 1. 1. 1. 1. 1. 1. 1. 1. 1. 1. 1. 1. 1. 1. 
1. 1. 1. 1. 1. 1. 1. 1. 1. 1. 1. 1. 1. 1. 1. 
1. 1. 1. 1. 1. 1. 1. 1. 1. 1. 1. 1. 1. 1. 1. 
1. 1. 1. 1. 1. 1. 1. 1. 1. 1. 1. 1. 1. 1. 1. 
1. 1. 1. 1. 1. 1. 1. 1. 1. 1. 1. 1. 1. 1. 1. 
1. 1. 1. 1. 1. 1. 1. 1. 1. 1. 1. 1. 1. 1. 1. 
1. 1. 1. 1. 1. 1. 1. 1. 1. 1. 1. 1. 1. 1. 1. 
1. 1. 1. 1. 1. 1. 1. 1. 1. 1. 1. 1. 1. 1. 1. 
1. 1. 1. 1. 1. 1. 1. 1. 1. 1. 1. 1. 1. 1. 1. 
1. 1. 1. 1. 1. 1. 1. 1. 1. 1. 1. 1. 1. 1. 1. 
1. 1. 1. 1. 1. 1. 1. 1. 1. 1. 1. 1. 1. 1. 1. 
1. 1. 1. 1. 1. 1. 1. 1. 1. 1. 1. 1. 1. 1. 1. 
1. 1. 1. 1. 1. 1. 1. 1. 1. 1. 1. 1. 1. 1. 1. 
1. 1. 1. 1. 1. 1. 1. 1. 1. 1. 1. 1. 1. 1. 1. 
1. 1. 1. 1. 1. 1. 1. 1. 1. 1. 1. 1. 1. 1. 1. 
1. 1. 1. 1. 1. 1. 1. 1. 1. 1. 1. 1. 1. 1. 1. 
1. 1. 1. 1. 1. 1. 1. 1. 1. 1. 1. 1. 1. 1. 1. 
1. 1. 1. 1. 1. 1. 1. 1. 1. 1. 1. 1. 1. 1. 1. 
1. 1. 1. 1. 1. 1. 1. 1. 1. 1. 1. 1. 1. 1. 1. 
1. 1. 1. 1. 1. 1. 1. 1. 1. 1. 1. 1. 1. 1. 1. 
1. 1. 1. 1. 1. 1. 1. 1. 1. 1. 1. 1. 1. 1. 1. 
1. 1. 1. 1. 1. 1. 1. 1. 1. 1. 1. 1. 1. 1. 1. 
1. 1. 1. 1. 1. 1. 1. 1. 1. 1. 1. 1. 1. 1. 1. 
#Population	Weight	at	Age	1000																																							
0.051	0.0884	0.134	0.195	0.2612	0.328	0.4184	0.5344	0.6814	0.8426	1.0705	1.4589																																
#Maturity	at	Age	6	7	8	9	10	11	12																																		
0	0.008	0.289	0.641	0.842	0.901	0.947	0.963	0.97	1	1	1	1	1	1																																					
#Month	of	Spawning																																									
3.5																																											
#Ageing	error																																										
1	0	0	0	0	0	0	0	0	0	0	0 0 0 0 																																
0	0.7625	0.2215	0.0159	0.0002	0	0	0	0	0	0 0 0 0 	0																																
0	0.244	0.5117	0.2253	0.0185	0.0003	0	0	0	0	0	0	 0 0 0 																															
0	0.0217	0.229	0.4991	0.2287	0.0213	0.0004	0	0	0	0	0		 0 0 0 																														
0	0.0005	0.0243	0.232	0.487	0.2316	0.0243	0.0005	0	0	0	0			0 0 0 																												
0	0	0.0007	0.0274	0.234	0.4755	0.2341	0.0274	0.0007	0	0	0		0 0 0 																									
0	0	0	0.001	0.0306	0.236	0.4644	0.2362	0.0306	0.001	0	0				0 0 0 																			
0	0	0	0	0.0013	0.0338	0.238	0.4538	0.238	0.0338	0.0013	0			0 0 0 																
0	0	0	0	0	0.0016	0.0372	0.2394	0.4436	0.2394	0.0372	0.0016	0 0 0 														
0	0	0	0	0	0	0.002	0.0405	0.2405	0.4339	0.2405	0.0426	0 0 0 						
0	0	0	0	0	0	0	0.0025	0.0439	0.2413	0.4245	0.2877	0 0 0 
0	0	0	0	0	0	0	0.0001	0.0031	0.0473	0.2418	0.7078	0 0 0 
