#Species name here:
Model_1.0_2stk_mod0.17.dat
#SSL Species?
1
#Constant buffer of Dorn?
0
#Number of fisheries?
1
#Number of sexes?
1
#5year_Average_F(endyr-4,endyr_as_estimated_by_ADmodel)
0.104541
0.012873
#_Author_F_as_fraction_F_40%
1
#ABC SPR
0.4
#MSY SPR
0.35
#_Spawn_month
10.5
#_Number_of_ages
12
#_F_ratio(must_sum_to_one_only_one_fishery)
1
#_Natural_Mortality 1 2 3 4 5 6 7 8 9 10 11 12
 0.23 0.23 0.23 0.23 0.23 0.23 0.23 0.23 0.23 0.23 0.23 0.23  0.33 0.33 0.33 0.33 0.33 0.33 0.33 0.33 0.33 0.33 0.33 0.33 
#_Maturity_divided_by_2(projection_program_uses_to_get_female_spawning_biomass_if_divide_by_2 1 2 3 4 5 6 7 8 9 10 11 12
 0.144853 0.624337 1.45024 1.87755 1.97781 1.99615 1.99934 1.99989 1.99998 2 2 2
 0 0.74 1.96 2 2 2 2 2 2 2 2 2
#_Wt_at_age_spawners 1 2 3 4 5 6 7 8 9 10 11 12
 0.051 0.0884 0.134 0.195 0.2612 0.328 0.4184 0.5344 0.6814 0.8426 1.0705 1.4589
 0.038 0.146 0.324 0.555 0.819 1.1 1.384 1.66 1.922 2.165 2.387 2.588
#_Wt_at_age_fishery 1 2 3 4 5 6 7 8 9 10 11 12
 0.0112115 0.0217345 0.179417 0.179019 0.201039 0.232173 0.265505 0.322678 0.322678 0.528409 0.88 1.115
 0.0118784 0.0336744 0.192041 0.269199 0.304315 0.395638 0.482152 0.587166 0.753779 0.765779 1.14947 2.17538
 0.0332 0.1456 0.346 0.6214 0.95 1.31 1.682 2.0506 2.405 2.739 3.0466 3.3266
 0.0528406 0.106394 0.29211 0.302157 0.362105 0.430716 0.537874 0.626811 0.735676 0.834604 1.26696 1.34167
#
#_Selectivity_fishery_scaled_to_max_at_one 1 2 3 4 5 6 7 8 9 10 11 12
 0.672109 1 0.624088 0.774053 0.775192 0.748112 0.716423 0.684054 0.659821 0.659821 0.659821 0.659821
#_Numbers_at_age_end_year 1 2 3 4 5 6 7 8 9 10 11 12
 24552.3 13829.7 12351.7 6924.23 3769.36 2414.57 1815.4 1042.76 409.139 230.32 142.395 200.319
 2039.52 1014.03 3519.88 603.107 273.953 240.581 47.6025 115.878 46.6965 93.7831 17.2492 56.6824
#_N_recruitment_years (not including last estimate)
41
#_Recruitment_start_at_1977_yearclass=1978_for_age_1_recruits 1978 1979 1980 1981 1982 1983 1984 1985 1986 1987 1988 1989 1990 1991 1992 1993 1994 1995 1996 1997 1998 1999 2000 2001 2002 2003 2004 2005 2006 2007 2008 2009 2010 2011 2012 2013 2014 2015 2016 2017 2018
 18965.5 19990.8 22528.3 27952.9 27863.8 26455.4 50767.1 62047.2 27332.4 15319 18732.8 25666 29387.9 23244.6 18497.5 16947.1 18204.6 18864.3 21971 26319.9 23834.8 27407.7 26919.7 22143 11741 8427.53 6304.74 3048.27 4841.96 5776.7 4918.82 4787.53 4523.42 4945.37 8113.4 9387.86 8830.21 10046.2 14093.4 19764.3 17467.3
 6087.35 4188.44 3805.82 4258.44 6458.35 4117.9 3344.7 2502.39 4080.91 6178.53 10458.1 5612.27 5432.11 2689.62 4254.03 2715.87 2170.2 4218.58 4546.01 4393.53 3803.15 3959.42 7340.53 1600.18 4338.29 1094.62 1843.38 4622.75 2272.76 647.903 301.96 1369.36 5249.13 1209.96 1863.12 469.427 1443.47 1115.54 1783.35 7186.04 1413.55
#_Spawning biomass 
 9.48201 9.26336 9.02264 8.91339 8.86077 8.80897 8.8012 8.94123 9.35862 9.77531 10.0769 10.5148 10.6335 10.0374 10.1383 10.0513 10.562 12.2963 14.0248 14.4638 13.7664 12.7545 11.6976 10.7273 9.88325 8.31395 6.17616 4.53067 3.62629 3.86705 4.68754 5.67669 6.38624 7.02538 7.32858 6.98658 6.21227 5.11121 3.79808 2.77563 1.91014 1.53181 1.54551 1.6716 1.88186 2.21872 2.63875 3.10125 3.67007 4.44142
 5.86288 5.85088 5.84132 5.8343 5.81234 5.72557 5.65656 5.61203 5.23499 4.73192 4.32736 3.99653 3.56683 3.33513 3.38135 3.61201 3.75095 3.83774 3.87803 3.95269 4.24292 4.73519 5.00466 5.19553 5.14 4.96822 4.34672 3.66873 2.98107 2.39748 1.97881 1.70682 1.35394 1.28543 1.26364 1.33198 1.33039 1.38139 1.45198 1.39782 1.26676 1.1606 1.1358 1.16544 1.15481 1.16237 1.13393 1.17213 1.22617 1.48941
