#Species name here:
Model_3_q_sqrt_chub2.dat
#SSL Species?
1
#Constant buffer of Dorn?
0
#Number of fisheries?
1
#Number of sexes?
1
#5year_Average_F(endyr-4,endyr_as_estimated_by_ADmodel)
0.134623
#_Author_F_as_fraction_F_40%
1
#ABC SPR
0.4
#MSY SPR
0.35
#_Spawn_month
2
#_Number_of_ages
7
#_F_ratio(must_sum_to_one_only_one_fishery)
1
#_Natural_Mortality 0 1 2 3 4 5 6
 0.49 0.49 0.49 0.49 0.49 0.49 0.49  0.49 0.49 0.49 0.49 0.49 0.49 0.49  0.49 0.49 0.49 0.49 0.49 0.49 0.49  0.49 0.49 0.49 0.49 0.49 0.49 0.49  0.49 0.49 0.49 0.49 0.49 0.49 0.49  0.49 0.49 0.49 0.49 0.49 0.49 0.49  0.49 0.49 0.49 0.49 0.49 0.49 0.49 
#_Maturity_divided_by_2(projection_program_uses_to_get_female_spawning_biomass_if_divide_by_2 0 1 2 3 4 5 6
 0 0.04 1.36 1.9 1.92 2 2
#_Wt_at_age_spawners 0 1 2 3 4 5 6
 33.3 196.7 463.8 770.3 1068.6 1333.3 1555.4
#_Wt_at_age_fishery 0 1 2 3 4 5 6
 33.3 196.7 463.8 770.3 1068.6 1333.3 1555.4
#
#_Selectivity_fishery_scaled_to_max_at_one 0 1 2 3 4 5 6
 0.0248625 0.242209 0.868149 1 0.840722 0.840722 0.840722
#_Numbers_at_age_end_year 0 1 2 3 4 5 6
 2710.98 1590.71 1077.98 541.715 291.17 170.303 149.453
#_N_recruitment_years (not including last estimate)
37
#_Recruitment_start_at_1977_yearclass=1978_for_age_1_recruits 1977 1978 1979 1980 1981 1982 1983 1984 1985 1986 1987 1988 1989 1990 1991 1992 1993 1994 1995 1996 1997 1998 1999 2000 2001 2002 2003 2004 2005 2006 2007 2008 2009 2010 2011 2012 2013
 2925.97 2486.51 2473.53 2535.83 3023.55 2424.01 2304.69 2543.62 3464.11 3092.49 2862.32 1989.65 2364.42 2744.05 3218.03 3453.39 4003.76 5301.75 4690.07 2807.68 2313.26 2769.54 2615.88 2458.71 2266.89 2780.48 2308.27 2455.16 2896.51 2938.17 3331.41 3306.23 3521.54 3089.68 2857.67 2998.07 2606.63
#_Spawning biomass 
 2042.94 1984.53 1935.22 1901.55 1890.19 1858.55 1856.23 1858.35 1867.51 1888.75 1910.97 1922.73 1926.07 1915.59 1894.42 1867.68 1817.03 1760.95 1680.92 1557.26 1368.92 1284.03 1293.43 1345.17 1288.67 1106.65 1033.27 957.998 857.382 791.874 703.464 638.18 587.979 568.264 511.243 490.099 538.208 672.84 784.378 719.846 535.849 577.038 665.205 785.259 774.268 712.384 889.506 675.331 640.564 570.184 586.277 651.277 656.702 691.182 796.683 808.909 854.207 974.442 1044.95 1097.29 1207.7 1352.41 1382.73 1382.62 1420.11
