#styr																																																										
1961																																																										
#endyr																																																										
2019																																																										
#rec_age																																																										
1																																																										
#n_ages																																																										
24
#	numbers	of	length	intervals																																																						
30																																																										
#Length	bin																																																									
16	17	18	19	20	21	22	23	24	25	26	27	28	29	30	31	32	33	34	35	36	37	38	39	40	41	42	43	44	45																													
#nfsh																																																										
1																																																										
#names_fsh																																																										
POP_Fishery	
#catch	1962	1963	1964	1965	1966	1967	1968	1969	1970	1971	1972	1973	1974	1975	1976	1977	1978	1979	1980	1981	1982	1983	1984	1985	1986	1987	1988	1989	1990	1991	1992	1993	1994	1995	1996	1997	1998	1999	2000	2001	2002	2003	2004	2005	2006	2007	2008	2009	2010	2011	2012	2013	2014	2015	2016	2017	2018	2019
16000	65000	136300	243400	348600	200800	120000	100200	72600	44900	77500	77600	56400	51000	50400	45500	21600	8000	8300	10800	10500	5400	2821	2752	800	2200	4500	8540	11780	13090	6548	6538	2060	1841	5741	8378	9519	8908	10473	10146	10817	11734	10846	11640	11248	13595	12955	12461	12986	15617	14224	14916	13183	17675	18734	23133	23883	24724	23768
#catch_cv																																																										
0.05	0.05	0.05	0.05	0.05	0.05	0.05	0.05	0.05	0.05	0.05	0.05	0.05	0.05	0.05	0.05	0.05	0.05	0.05	0.05	0.05	0.05	0.05	0.05	0.05	0.05	0.05	0.05	0.05	0.05	0.05	0.05	0.05	0.05	0.05	0.05	0.05	0.05	0.05	0.05	0.05	0.05	0.05	0.05	0.05	0.05	0.05	0.05	0.05	0.05	0.05	0.05	0.05	0.05	0.05	0.05	0.05	0.05	0.05
#n_ages_fsh																																																										
15
#n_lengths_fsh																																																										
20
#yrs_ages_fsh																																																										
1990 1998 1999 2000 2001 2002 2004 2005 2006 2008 2010 2012 2014 2016 2018
#yrs_leng_fsh																																																										
1963 1964 1965 1966 1967 1968 1969 1970 1971 1972 1973 1974 1975 1976 1977 1991 1992 1995 1996 1997
#sample_ages_fsh																																																										
#578 513 376 734 521 370 802 727 734 609 631 1024 871 1201 1032
#- Number of hauls: nhauls_fish_age(1,nyrs_fish_age) #!
37 49 195 300 227 237 261 242 249 363 418 603 581 790 749
#- Number of hauls: nhauls_fish_length(1,nyrs_fish_age) #!
27 39 76 100 84 81 86 73 77 83 24 43 42 41 35 29 28 20 26 30
#page_fsh	2	3	4	5	6	7	8	9	10	11																																																
0 0.00173010380622837 0.0155709342560554 0.041522491349481 0.0484429065743945 0.0709342560553633 0.0536332179930796 0.069204152249135 0.105536332179931 0.0570934256055363 0.0830449826989619 0.0570934256055363 0.108996539792388 0.041522491349481 0.0155709342560554 0.027681660899654 0.00865051903114187 0.0121107266435986 0.0103806228373702 0.0121107266435986 0.00346020761245675 0.00519031141868512 0.00865051903114187 0.141868512110727
0 0 0 0 0 0.00194931773879142 0.00779727095516569 0.0448343079922027 0.148148148148148 0.165692007797271 0.202729044834308 0.120857699805068 0.113060428849903 0.0565302144249513 0.0311890838206628 0.0331384015594542 0.01364522417154 0.01364522417154 0.00194931773879142 0.00389863547758285 0.00389863547758285 0.0116959064327485 0.00194931773879142 0.0233918128654971
0 0 0 0.00265957446808511 0.0159574468085106 0.023936170212766 0.0292553191489362 0.0425531914893617 0.050531914893617 0.178191489361702 0.191489361702128 0.13031914893617 0.0877659574468085 0.11968085106383 0.0611702127659574 0.0212765957446809 0.0186170212765957 0.00265957446808511 0.00265957446808511 0 0.00797872340425532 0.00265957446808511 0 0.0106382978723404
0 0 0.00544959128065395 0.0149863760217984 0.0367847411444142 0.0258855585831063 0.055858310626703 0.0640326975476839 0.0572207084468665 0.0544959128065395 0.132152588555858 0.126702997275204 0.110354223433243 0.103542234332425 0.0599455040871935 0.0517711171662125 0.0313351498637602 0.0245231607629428 0.00817438692098093 0.00953678474114441 0.0108991825613079 0.00408719346049046 0.00136239782016349 0.0108991825613079
0 0.00191938579654511 0.00383877159309021 0.00191938579654511 0.017274472168906 0.0403071017274472 0.0287907869481766 0.0575815738963532 0.0595009596928983 0.0595009596928983 0.0633397312859885 0.130518234165067 0.145873320537428 0.0844529750479846 0.0921305182341651 0.0614203454894434 0.0710172744721689 0.0403071017274472 0.0153550863723608 0.0115163147792706 0.00191938579654511 0.00575815738963532 0 0.00575815738963532
0 0 0.0027027027027027 0.0135135135135135 0.0162162162162162 0.0351351351351351 0.0972972972972973 0.0783783783783784 0.108108108108108 0.105405405405405 0.0513513513513514 0.0702702702702703 0.108108108108108 0.0864864864864865 0.0648648648648649 0.0540540540540541 0.0378378378378378 0.0351351351351351 0.0108108108108108 0.0027027027027027 0.00540540540540541 0.0027027027027027 0.0027027027027027 0.0108108108108108
0 0 0.00249376558603491 0.00748129675810474 0.0511221945137157 0.0399002493765586 0.0486284289276808 0.165835411471322 0.177057356608479 0.0673316708229426 0.0748129675810474 0.0685785536159601 0.0361596009975062 0.0361596009975062 0.0486284289276808 0.0498753117206983 0.0411471321695761 0.029925187032419 0.0211970074812968 0.00872817955112219 0.00748129675810474 0.00498753117206983 0.00623441396508728 0.00623441396508728
0 0.00137551581843191 0.00137551581843191 0.0123796423658872 0.0206327372764787 0.0852819807427785 0.0852819807427785 0.103163686382393 0.141678129298487 0.114167812929849 0.0742778541953232 0.046767537826685 0.0440165061898212 0.0206327372764787 0.031636863823934 0.0495185694635488 0.0412654745529574 0.031636863823934 0.0261348005502063 0.0275103163686382 0.0110041265474553 0.00825309491059147 0.00687757909215956 0.015130674002751
0 0 0.00136239782016349 0.00272479564032698 0.0449591280653951 0.0885558583106267 0.114441416893733 0.107629427792916 0.0844686648501362 0.106267029972752 0.0871934604904632 0.061307901907357 0.0367847411444142 0.0354223433242507 0.0258855585831063 0.0272479564032698 0.0354223433242507 0.0381471389645777 0.0272479564032698 0.0245231607629428 0.00953678474114441 0.0149863760217984 0.00953678474114441 0.0163487738419619
0 0 0.00492610837438424 0.00492610837438424 0.0213464696223317 0.0311986863711002 0.101806239737274 0.103448275862069 0.160919540229885 0.108374384236453 0.0476190476190476 0.090311986863711 0.0509031198686371 0.0426929392446634 0.0229885057471264 0.0262725779967159 0.0114942528735632 0.0262725779967159 0.0279146141215107 0.0262725779967159 0.0262725779967159 0.0197044334975369 0.0147783251231527 0.0295566502463054
0 0 0.0126782884310618 0.00475435816164818 0.0126782884310618 0.0190174326465927 0.0697305863708399 0.0713153724247227 0.120443740095087 0.148969889064976 0.12202852614897 0.0744849445324881 0.0570522979397781 0.0507131537242472 0.0412044374009509 0.0396196513470681 0.0206022187004754 0.0142630744849445 0.0142630744849445 0.0158478605388273 0.0316957210776545 0.0110935023771791 0.0063391442155309 0.0412044374009509
0 0 0.017578125 0.0263671875 0.01953125 0.0234375 0.0283203125 0.0458984375 0.091796875 0.10546875 0.1162109375 0.0927734375 0.0927734375 0.05078125 0.044921875 0.048828125 0.033203125 0.025390625 0.021484375 0.0146484375 0.015625 0.0107421875 0.005859375 0.068359375
0 0 0.00918484500574053 0.0034443168771527 0.0298507462686567 0.0459242250287026 0.0390355912743972 0.0355912743972445 0.060849598163031 0.0815154994259472 0.0964408725602755 0.0803673938002296 0.0665901262916188 0.0757749712973594 0.0654420206659013 0.0482204362801378 0.0355912743972445 0.0413318025258324 0.0321469575200918 0.0149253731343284 0.0206659012629162 0.0160734787600459 0.0195177956371986 0.0815154994259472
0 0.00166527893422148 0.00416319733555371 0.00249791840133222 0.0216486261448793 0.0183180682764363 0.0591174021648626 0.0782681099084097 0.0649458784346378 0.0474604496253122 0.0574521232306411 0.0591174021648626 0.0532889258950874 0.0691090757701915 0.0832639467110741 0.0682764363030808 0.0507910074937552 0.0349708576186511 0.0291423813488759 0.0358034970857619 0.0341382181515404 0.0199833472106578 0.0141548709408826 0.0924229808492923
0 0 0.00581395348837209 0.00872093023255814 0.0310077519379845 0.00581395348837209 0.0562015503875969 0.064922480620155 0.126937984496124 0.10562015503876 0.0484496124031008 0.0455426356589147 0.0358527131782946 0.0348837209302326 0.0368217054263566 0.0523255813953488 0.064922480620155 0.0465116279069767 0.0377906976744186 0.0281007751937985 0.0222868217054264 0.0329457364341085 0.0242248062015504 0.0843023255813953
#plength_fsh
0 0 0 0 0 0.000256585699623674 0.0013684570646596 0.00153951419774205 0.00769757098871023 0.0112897707834417 0.0171912418747862 0.0319876838864181 0.0558501539514198 0.0970749230242901 0.133424563804311 0.134707492302429 0.096647280191584 0.0705610673965104 0.0798836811495039 0.069620253164557 0.0595278823126924 0.0491789257612042 0.0341258980499487 0.0241190557646254 0.013684570646596 0.00513171399247349 0.00222374273007184 0.000342114266164899 0.000684228532329798 0.00188162846390694
0 0 0 0 0 0.000575019509590504 0.000657165153817719 0.00172505852877151 0.00308046165852056 0.00390191810079271 0.00998069577360661 0.0247258389123917 0.0504784983776235 0.085267178707849 0.11989156774962 0.124697087936912 0.0979176079188401 0.0822688626935557 0.0940156898180474 0.0932763790200025 0.0687148313960652 0.0525321394833039 0.0400870743828808 0.0244383291575964 0.0137593954080585 0.00538053969688257 0.00143754877397626 0.000492873865363289 0.000287509754795252 0.000410728221136074
0 0 0.000226293103448276 0.000301724137931035 0.00154094827586207 0.00230603448275862 0.0037823275862069 0.00379310344827586 0.00960129310344828 0.0181896551724138 0.0249784482758621 0.0448275862068966 0.0663038793103448 0.0905387931034483 0.12292025862069 0.138405172413793 0.120323275862069 0.0939116379310345 0.0728987068965517 0.0583297413793103 0.0458836206896552 0.0329202586206897 0.0228340517241379 0.0117887931034483 0.00711206896551724 0.00367456896551724 0.00150862068965517 0.000862068965517241 0.000237068965517241 0
0 0 0 7.41239475943691e-05 0.000463274672464807 0.00147012496062165 0.00363207343212408 0.00666497828786035 0.0121007344447807 0.0188892526452984 0.0311876509503308 0.0506884261632827 0.07876287131465 0.110889425601176 0.126789012360168 0.141589093896511 0.122693664255579 0.0896961535848194 0.0684225806252355 0.0481187959800112 0.0342143788104342 0.0232563885577333 0.0151459932917827 0.00736915579000686 0.00402740115262739 0.00224224941472966 0.00105626625321976 0.00030267278601034 0.000172955877720194 8.03009432272331e-05
0 0 2.60041953435154e-05 6.93445209160411e-05 8.66806511450514e-05 0.000364058734809216 0.000875474576565019 0.00215834821351178 0.005062150026871 0.00895411126328381 0.0152817987968726 0.0234471161347364 0.0394396962709984 0.0605551028899329 0.0793994764488671 0.0997867655981832 0.100514883067802 0.0968656276545949 0.0902518939722275 0.0798068755092488 0.0752474732590191 0.0663106981259643 0.0540627221191686 0.0409826118613803 0.0268103253991644 0.016096596917636 0.00901478771908535 0.00451606192465718 0.00225369692977134 0.00175961721824454
0 0 0 0 0 0.000102565058881668 0.000270398791597124 0.00124010480284198 0.00325410959542746 0.00571567100858749 0.00964111553487678 0.0143777564359574 0.0242240020885976 0.0407929211461179 0.0572499510484946 0.0780240375201634 0.0927281373252897 0.0985836697778068 0.109091926265047 0.105138509449972 0.102471817919048 0.0905742710887747 0.0725134966293392 0.0474782981659503 0.0238417141418568 0.0119255191190594 0.00565972643101567 0.00266669153092337 0.00141726263181941 0.00101632649255471
0 0 0 0 1.68723689649645e-05 0.000379628301711702 0.00125699148788986 0.00214279085855049 0.00356850603609 0.00533166859292879 0.010950167458262 0.0206517796131166 0.0369167432953424 0.058968929532551 0.0732176451234636 0.0975813459088723 0.108438715337827 0.112277179277356 0.106152509343074 0.0892042147177674 0.0845727494368847 0.0702818529235597 0.0520512582569156 0.032799885267891 0.0172688696356412 0.00843618448248226 0.00343352708437028 0.00178003492580376 0.00109670398272269 0.00122324674995993
0 0 0 0.000321285140562249 0.000895008605851979 0.00146873207114171 0.002122776821572 0.00426850258175559 0.00838783706253586 0.0116924842226047 0.018714859437751 0.0156626506024096 0.02938611589214 0.0448422260470453 0.0631210556511761 0.0903384968445209 0.0799082042455536 0.0745725760183591 0.0735398737808376 0.0687205966724039 0.0921858864027539 0.0990131956397017 0.0814228341939185 0.0600344234079174 0.0362363740676994 0.0203212851405622 0.0103499713138267 0.00691910499139415 0.00372920252438325 0.00182444061962134
0 0 0 0 0 0.000270259032888445 0.00133050600806619 0.00203733732485136 0.00493742463930814 0.00858592158330215 0.0193027316951478 0.0384807284520394 0.0607147311962081 0.0745395201862708 0.083104652613197 0.0892790320568791 0.0880524718306931 0.0808802128809613 0.0709637852895929 0.0719616647956426 0.0777930231591202 0.0762234418527296 0.0681156708660763 0.0413912103446842 0.0229408340609538 0.0111949607084944 0.00502058126481227 0.0017566837137749 0.000945906615109559 0.000176707829196291
0 0 0 0 0 0 0 0.00247159907966638 0.0104076790336497 0.0235655737704918 0.0330924647684786 0.0360314207650273 0.0425923928674144 0.0546987345412712 0.0729436295657176 0.0844208369283865 0.0916918320391142 0.094621800402646 0.0806909692263446 0.0711820534943917 0.0729166666666667 0.0677397900488927 0.058491515674432 0.0419003451251079 0.0281942047742307 0.0169596635030198 0.00855622663215416 0.00427811331607708 0.00185145240149554 0.000701035375323555
0 0.000105407399599452 0.000316222198798356 0.000421629598397808 0.000737851797196163 0.00147570359439233 0.00189733319279013 0.00326762938758301 0.00822177716875725 0.018657109729103 0.0327817012754295 0.053652366396121 0.0727311057236218 0.0777906609043955 0.0862232528723516 0.0989775482238853 0.103088436808264 0.0981342890270897 0.0840096974807631 0.067882365342047 0.054811847791715 0.0463792558237588 0.0368925898598082 0.0238220723094761 0.0132813323495309 0.00674607357436492 0.00421629598397808 0.00252977759038685 0.000843259196795615 0.000105407399599452
0 0 0 0 6.82640453273261e-05 0.000102396067990989 0.00034132022663663 0.000887432589255239 0.0015700730425285 0.00218444945047444 0.00426650283295788 0.0100689466857806 0.0178851798757594 0.0245750563178374 0.0322888934398252 0.0387739777459212 0.0482968120690832 0.0691514779165813 0.0944433067103557 0.12280701754386 0.142330534507475 0.139873028875691 0.115332104580517 0.0729742644549116 0.0358386237968462 0.0148132978360298 0.00477848317291283 0.00167246911051949 0.000750904498600587 0.00392518260632125
0 0 0 0 6.87308842228255e-05 0.000309288979002715 0.000412385305336953 0.000687308842228255 0.00175263754768205 0.0032303515584728 0.00573902883260593 0.0114780576652119 0.0193821093508368 0.0287638750472525 0.044709440186948 0.0635417024640022 0.0790061514141379 0.0956733908381731 0.10801058455617 0.114677480325784 0.117357984810475 0.107460737482388 0.0853637582047493 0.0559125743152686 0.0302415890580432 0.0136774459603423 0.00494862366404344 0.00247431183202172 0.00154644489501357 0.00357400597958693
0 3.63068656282903e-05 7.26137312565806e-05 0.000145227462513161 0.000254148059398032 0.000689830446937516 0.00203318447518426 0.00501034745670406 0.00962131939149693 0.0148132011763424 0.0210942889300367 0.0302799259339941 0.0423701121882148 0.0563119485894783 0.0775877718476564 0.0952692154086338 0.100424790327851 0.102639509131177 0.0988999019714628 0.0911302327270087 0.0831064154231565 0.0676033837998766 0.0465090948698399 0.0277021384743855 0.0149221217732273 0.00715245252877319 0.00286824238463493 0.00105289910322042 0.000217841193769742 0.000181534328141452
0.000103140632252076 0.000103140632252076 0.000103140632252076 0.000154710948378114 0.000464132845134341 0.00072198442576453 0.00103140632252076 0.00288793770305812 0.00515703161260378 0.00691042236088907 0.0102109225929555 0.0161930792635759 0.0249600330050023 0.0324892991594039 0.0458975813521737 0.0673508328606054 0.0881852405755247 0.104481460471353 0.109896343664587 0.111649734412872 0.108761796709814 0.0941673972461451 0.0717858800474447 0.0469805579908205 0.0270228456500438 0.0127894383992574 0.00515703161260378 0.00257851580630189 0.00118611727089887 0.000618843793512454
0.00221027038974435 0.00228394606940249 0.00125248655418846 0.00412583806085611 0.00869373019966109 0.010682973550431 0.0109776762690636 0.0170927576806896 0.0186399469535106 0.0185662712738525 0.0249760554041111 0.0195240551094084 0.0150298386502615 0.0159876224858174 0.0137773520960731 0.0214396227805202 0.0325646504089 0.0479628674574523 0.0772121122817358 0.0959257349149046 0.110366168127901 0.09968319457747 0.0914315184557578 0.0842113018492596 0.0605614086789951 0.0420688130848007 0.0276283798718043 0.0124511898622265 0.00567302733367715 0.00699918956752376
0.00430719219829338 0.00235676554246241 0.00195042665583096 0.00268183665176757 0.00211296221048354 0.00406338886631451 0.00503860219422999 0.00528240552620886 0.00666395774075579 0.00861438439658675 0.00942706216984966 0.0108898821617229 0.0108898821617229 0.015684681023974 0.0229987809833401 0.0362454286875254 0.0566436407964242 0.102559934985778 0.144412840308818 0.152214546932141 0.129215765948801 0.0969524583502641 0.0655830963023161 0.0395774075579033 0.0260056887444128 0.0152783421373425 0.0104022754977651 0.00536367330353515 0.00341324664770419 0.00316944331572531
0.000151975683890578 0 0 0 0.000151975683890578 0 0.000151975683890578 0.0013677811550152 0.00319148936170213 0.00547112462006079 0.00987841945288754 0.00759878419452888 0.00699088145896657 0.0101823708206687 0.0103343465045593 0.0200607902735562 0.0387537993920973 0.081306990881459 0.128267477203647 0.148632218844985 0.150303951367781 0.124012158054711 0.09209726443769 0.0559270516717325 0.0349544072948328 0.0212765957446809 0.0156534954407295 0.00896656534954407 0.00577507598784195 0.0185410334346505
8.97666068222621e-05 0 0 0 0 0.000179533213644524 8.97666068222621e-05 0.000359066427289048 0.000538599640933573 0.00161579892280072 0.00242369838420108 0.00341113105924596 0.00377019748653501 0.00610412926391382 0.009245960502693 0.0176840215439856 0.0293536804308797 0.066427289048474 0.124955116696589 0.170556552962298 0.178276481149013 0.151526032315978 0.0985637342908438 0.0557450628366248 0.0327648114901257 0.0192100538599641 0.012657091561939 0.00673249551166966 0.00341113105924596 0.00430879712746858
0.00233244151745901 0.00240104273856075 0.00473348425601976 0.00171503052754339 0.00171503052754339 0.00185223296974686 0.00205803663305207 0.00253824518076422 0.00233244151745901 0.00356726349729025 0.00548809768813885 0.00823214653220827 0.00864375385881869 0.0112506002606846 0.015572477190094 0.0177677162653495 0.0236674212800988 0.0439733827262125 0.073677711463264 0.120257940591343 0.148727447348563 0.151128490087124 0.119160321053715 0.0807436372367428 0.0568018110722371 0.0365644508472251 0.0230500102901832 0.0145434588735679 0.00775193798449612 0.00775193798449612
#wt_age_fsh	
43.5	96.7	164.6	240.2	318	393.7	464.7	529.4	587.3	638.1	682.3	720.3	752.8	780.3	803.6	823.1	839.5	853.2	864.6	874.2	882.1	888.7	894.1	906
43.5	96.7	164.6	240.2	318	393.7	464.7	529.4	587.3	638.1	682.3	720.3	752.8	780.3	803.6	823.1	839.5	853.2	864.6	874.2	882.1	888.7	894.1	906
43.5	96.7	164.6	240.2	318	393.7	464.7	529.4	587.3	638.1	682.3	720.3	752.8	780.3	803.6	823.1	839.5	853.2	864.6	874.2	882.1	888.7	894.1	906
43.5	96.7	164.6	240.2	318	393.7	464.7	529.4	587.3	638.1	682.3	720.3	752.8	780.3	803.6	823.1	839.5	853.2	864.6	874.2	882.1	888.7	894.1	906
43.5	96.7	164.6	240.2	318	393.7	464.7	529.4	587.3	638.1	682.3	720.3	752.8	780.3	803.6	823.1	839.5	853.2	864.6	874.2	882.1	888.7	894.1	906
43.5	96.7	164.6	240.2	318	393.7	464.7	529.4	587.3	638.1	682.3	720.3	752.8	780.3	803.6	823.1	839.5	853.2	864.6	874.2	882.1	888.7	894.1	906
43.5	96.7	164.6	240.2	318	393.7	464.7	529.4	587.3	638.1	682.3	720.3	752.8	780.3	803.6	823.1	839.5	853.2	864.6	874.2	882.1	888.7	894.1	906
43.5	96.7	164.6	240.2	318	393.7	464.7	529.4	587.3	638.1	682.3	720.3	752.8	780.3	803.6	823.1	839.5	853.2	864.6	874.2	882.1	888.7	894.1	906
43.5	96.7	164.6	240.2	318	393.7	464.7	529.4	587.3	638.1	682.3	720.3	752.8	780.3	803.6	823.1	839.5	853.2	864.6	874.2	882.1	888.7	894.1	906
43.5	96.7	164.6	240.2	318	393.7	464.7	529.4	587.3	638.1	682.3	720.3	752.8	780.3	803.6	823.1	839.5	853.2	864.6	874.2	882.1	888.7	894.1	906
43.5	96.7	164.6	240.2	318	393.7	464.7	529.4	587.3	638.1	682.3	720.3	752.8	780.3	803.6	823.1	839.5	853.2	864.6	874.2	882.1	888.7	894.1	906
43.5	96.7	164.6	240.2	318	393.7	464.7	529.4	587.3	638.1	682.3	720.3	752.8	780.3	803.6	823.1	839.5	853.2	864.6	874.2	882.1	888.7	894.1	906
43.5	96.7	164.6	240.2	318	393.7	464.7	529.4	587.3	638.1	682.3	720.3	752.8	780.3	803.6	823.1	839.5	853.2	864.6	874.2	882.1	888.7	894.1	906
43.5	96.7	164.6	240.2	318	393.7	464.7	529.4	587.3	638.1	682.3	720.3	752.8	780.3	803.6	823.1	839.5	853.2	864.6	874.2	882.1	888.7	894.1	906
43.5	96.7	164.6	240.2	318	393.7	464.7	529.4	587.3	638.1	682.3	720.3	752.8	780.3	803.6	823.1	839.5	853.2	864.6	874.2	882.1	888.7	894.1	906
43.5	96.7	164.6	240.2	318	393.7	464.7	529.4	587.3	638.1	682.3	720.3	752.8	780.3	803.6	823.1	839.5	853.2	864.6	874.2	882.1	888.7	894.1	906
43.5	96.7	164.6	240.2	318	393.7	464.7	529.4	587.3	638.1	682.3	720.3	752.8	780.3	803.6	823.1	839.5	853.2	864.6	874.2	882.1	888.7	894.1	906
43.5	96.7	164.6	240.2	318	393.7	464.7	529.4	587.3	638.1	682.3	720.3	752.8	780.3	803.6	823.1	839.5	853.2	864.6	874.2	882.1	888.7	894.1	906
43.5	96.7	164.6	240.2	318	393.7	464.7	529.4	587.3	638.1	682.3	720.3	752.8	780.3	803.6	823.1	839.5	853.2	864.6	874.2	882.1	888.7	894.1	906
43.5	96.7	164.6	240.2	318	393.7	464.7	529.4	587.3	638.1	682.3	720.3	752.8	780.3	803.6	823.1	839.5	853.2	864.6	874.2	882.1	888.7	894.1	906
43.5	96.7	164.6	240.2	318	393.7	464.7	529.4	587.3	638.1	682.3	720.3	752.8	780.3	803.6	823.1	839.5	853.2	864.6	874.2	882.1	888.7	894.1	906
43.5	96.7	164.6	240.2	318	393.7	464.7	529.4	587.3	638.1	682.3	720.3	752.8	780.3	803.6	823.1	839.5	853.2	864.6	874.2	882.1	888.7	894.1	906
43.5	96.7	164.6	240.2	318	393.7	464.7	529.4	587.3	638.1	682.3	720.3	752.8	780.3	803.6	823.1	839.5	853.2	864.6	874.2	882.1	888.7	894.1	906
43.5	96.7	164.6	240.2	318	393.7	464.7	529.4	587.3	638.1	682.3	720.3	752.8	780.3	803.6	823.1	839.5	853.2	864.6	874.2	882.1	888.7	894.1	906
43.5	96.7	164.6	240.2	318	393.7	464.7	529.4	587.3	638.1	682.3	720.3	752.8	780.3	803.6	823.1	839.5	853.2	864.6	874.2	882.1	888.7	894.1	906
43.5	96.7	164.6	240.2	318	393.7	464.7	529.4	587.3	638.1	682.3	720.3	752.8	780.3	803.6	823.1	839.5	853.2	864.6	874.2	882.1	888.7	894.1	906
43.5	96.7	164.6	240.2	318	393.7	464.7	529.4	587.3	638.1	682.3	720.3	752.8	780.3	803.6	823.1	839.5	853.2	864.6	874.2	882.1	888.7	894.1	906
43.5	96.7	164.6	240.2	318	393.7	464.7	529.4	587.3	638.1	682.3	720.3	752.8	780.3	803.6	823.1	839.5	853.2	864.6	874.2	882.1	888.7	894.1	906
43.5	96.7	164.6	240.2	318	393.7	464.7	529.4	587.3	638.1	682.3	720.3	752.8	780.3	803.6	823.1	839.5	853.2	864.6	874.2	882.1	888.7	894.1	906
43.5	96.7	164.6	240.2	318	393.7	464.7	529.4	587.3	638.1	682.3	720.3	752.8	780.3	803.6	823.1	839.5	853.2	864.6	874.2	882.1	888.7	894.1	906
43.5	96.7	164.6	240.2	318	393.7	464.7	529.4	587.3	638.1	682.3	720.3	752.8	780.3	803.6	823.1	839.5	853.2	864.6	874.2	882.1	888.7	894.1	906
43.5	96.7	164.6	240.2	318	393.7	464.7	529.4	587.3	638.1	682.3	720.3	752.8	780.3	803.6	823.1	839.5	853.2	864.6	874.2	882.1	888.7	894.1	906
43.5	96.7	164.6	240.2	318	393.7	464.7	529.4	587.3	638.1	682.3	720.3	752.8	780.3	803.6	823.1	839.5	853.2	864.6	874.2	882.1	888.7	894.1	906
43.5	96.7	164.6	240.2	318	393.7	464.7	529.4	587.3	638.1	682.3	720.3	752.8	780.3	803.6	823.1	839.5	853.2	864.6	874.2	882.1	888.7	894.1	906
43.5	96.7	164.6	240.2	318	393.7	464.7	529.4	587.3	638.1	682.3	720.3	752.8	780.3	803.6	823.1	839.5	853.2	864.6	874.2	882.1	888.7	894.1	906
43.5	96.7	164.6	240.2	318	393.7	464.7	529.4	587.3	638.1	682.3	720.3	752.8	780.3	803.6	823.1	839.5	853.2	864.6	874.2	882.1	888.7	894.1	906
43.5	96.7	164.6	240.2	318	393.7	464.7	529.4	587.3	638.1	682.3	720.3	752.8	780.3	803.6	823.1	839.5	853.2	864.6	874.2	882.1	888.7	894.1	906
43.5	96.7	164.6	240.2	318	393.7	464.7	529.4	587.3	638.1	682.3	720.3	752.8	780.3	803.6	823.1	839.5	853.2	864.6	874.2	882.1	888.7	894.1	906
43.5	96.7	164.6	240.2	318	393.7	464.7	529.4	587.3	638.1	682.3	720.3	752.8	780.3	803.6	823.1	839.5	853.2	864.6	874.2	882.1	888.7	894.1	906
43.5	96.7	164.6	240.2	318	393.7	464.7	529.4	587.3	638.1	682.3	720.3	752.8	780.3	803.6	823.1	839.5	853.2	864.6	874.2	882.1	888.7	894.1	906
43.5	96.7	164.6	240.2	318	393.7	464.7	529.4	587.3	638.1	682.3	720.3	752.8	780.3	803.6	823.1	839.5	853.2	864.6	874.2	882.1	888.7	894.1	906
43.5	96.7	164.6	240.2	318	393.7	464.7	529.4	587.3	638.1	682.3	720.3	752.8	780.3	803.6	823.1	839.5	853.2	864.6	874.2	882.1	888.7	894.1	906
43.5	96.7	164.6	240.2	318	393.7	464.7	529.4	587.3	638.1	682.3	720.3	752.8	780.3	803.6	823.1	839.5	853.2	864.6	874.2	882.1	888.7	894.1	906
43.5	96.7	164.6	240.2	318	393.7	464.7	529.4	587.3	638.1	682.3	720.3	752.8	780.3	803.6	823.1	839.5	853.2	864.6	874.2	882.1	888.7	894.1	906
43.5	96.7	164.6	240.2	318	393.7	464.7	529.4	587.3	638.1	682.3	720.3	752.8	780.3	803.6	823.1	839.5	853.2	864.6	874.2	882.1	888.7	894.1	906
43.5	96.7	164.6	240.2	318	393.7	464.7	529.4	587.3	638.1	682.3	720.3	752.8	780.3	803.6	823.1	839.5	853.2	864.6	874.2	882.1	888.7	894.1	906
43.5	96.7	164.6	240.2	318	393.7	464.7	529.4	587.3	638.1	682.3	720.3	752.8	780.3	803.6	823.1	839.5	853.2	864.6	874.2	882.1	888.7	894.1	906
43.5	96.7	164.6	240.2	318	393.7	464.7	529.4	587.3	638.1	682.3	720.3	752.8	780.3	803.6	823.1	839.5	853.2	864.6	874.2	882.1	888.7	894.1	906
43.5	96.7	164.6	240.2	318	393.7	464.7	529.4	587.3	638.1	682.3	720.3	752.8	780.3	803.6	823.1	839.5	853.2	864.6	874.2	882.1	888.7	894.1	906
43.5	96.7	164.6	240.2	318	393.7	464.7	529.4	587.3	638.1	682.3	720.3	752.8	780.3	803.6	823.1	839.5	853.2	864.6	874.2	882.1	888.7	894.1	906
43.5	96.7	164.6	240.2	318	393.7	464.7	529.4	587.3	638.1	682.3	720.3	752.8	780.3	803.6	823.1	839.5	853.2	864.6	874.2	882.1	888.7	894.1	906
43.5	96.7	164.6	240.2	318	393.7	464.7	529.4	587.3	638.1	682.3	720.3	752.8	780.3	803.6	823.1	839.5	853.2	864.6	874.2	882.1	888.7	894.1	906
43.5	96.7	164.6	240.2	318	393.7	464.7	529.4	587.3	638.1	682.3	720.3	752.8	780.3	803.6	823.1	839.5	853.2	864.6	874.2	882.1	888.7	894.1	906
43.5	96.7	164.6	240.2	318	393.7	464.7	529.4	587.3	638.1	682.3	720.3	752.8	780.3	803.6	823.1	839.5	853.2	864.6	874.2	882.1	888.7	894.1	906
43.5	96.7	164.6	240.2	318	393.7	464.7	529.4	587.3	638.1	682.3	720.3	752.8	780.3	803.6	823.1	839.5	853.2	864.6	874.2	882.1	888.7	894.1	906
43.5	96.7	164.6	240.2	318	393.7	464.7	529.4	587.3	638.1	682.3	720.3	752.8	780.3	803.6	823.1	839.5	853.2	864.6	874.2	882.1	888.7	894.1	906
43.5	96.7	164.6	240.2	318	393.7	464.7	529.4	587.3	638.1	682.3	720.3	752.8	780.3	803.6	823.1	839.5	853.2	864.6	874.2	882.1	888.7	894.1	906
43.5	96.7	164.6	240.2	318	393.7	464.7	529.4	587.3	638.1	682.3	720.3	752.8	780.3	803.6	823.1	839.5	853.2	864.6	874.2	882.1	888.7	894.1	906
43.5	96.7	164.6	240.2	318	393.7	464.7	529.4	587.3	638.1	682.3	720.3	752.8	780.3	803.6	823.1	839.5	853.2	864.6	874.2	882.1	888.7	894.1	906

#nind	1000																																																									
1																																																										
#ind_names																																																										
NMFS_Bottom_trawl																																																										
#nobs_ind																																																										
14																																																										
#yrs_ind	
1990 1993 1996 1999 2001 2003 2005 2007 2009 2011 2013 2015 2017 2019
#month_ind																																																										
7.5																																																										
#biom_ind																																																										
157295 483622 771413 727064 820066 457422 764901 688180 649449 778670 1298443 1140407 1570359 1212145
#biom_se
47129 108643 203554 388566 232393 72015 146628 114172 117761 135506 213516 176812 350210 164066
#n_ages_ind																																																										
12																																																										
#n_lengths_ind																																																										
0																																																										
#yrs_ages_ind																																																										
1990 1993 1996 1999 2003 2005 2007 2009 2011 2013 2015 2017
#sample_ages_ind																																																										
#- Number of samples: nsamples_srv1_size(1,nyrs_srv1_size) #!
# 1754 1378 641 898 985 1009 1177 418 794 880 760 1053
#- Number of hauls: nhauls_srv1_size(1,nyrs_srv1_size) #!
54 48 16 78 99 106 88 85 159 86 64 73
#page_ind																																																										
0.00463038415548066 0.0427152127079499 0.15488838737311 0.123913155099783 0.117065809628802 0.0888355141443848 0.0646749136357282 0.0537198717836748 0.054596758970045 0.0361818965244875 0.0237826665756347 0.0280876581214351 0.071587237726857 0.0170332736171199 0.0106537123969166 0.00461480784163353 0.00806342878192405 0.00380556455760766 0.00622789605638211 0.00417746000021107 0.0017397060751108 0.00208133815697934 0.00644335886382177 0.0704799872049208
0.00566423545135631 0.0181608318481703 0.0206887900816932 0.0444879065072792 0.0877252185508748 0.125316933214709 0.129187524119362 0.165811319669863 0.0915278509501083 0.0448941046255183 0.0515064558485271 0.0380810684412255 0.0246991944105521 0.0259860916585177 0.0111828436226247 0.0362660272689935 0.00733080961267456 0.002807203479346 0.00237687850117085 0.00176142205745784 0.00416689414985432 0.00249327418939583 0.00354006883634576 0.0543370529043801
0.00629326788279421 0.016274762201142 0.0358242918322185 0.0429534216452414 0.0629081881229876 0.03772057690164 0.0881824500879946 0.14474742516224 0.185215924883012 0.110324999198016 0.0802175973151554 0.0344227872994958 0.036442893977929 0.0276072108549333 0.00579542575918642 0.0128665183508061 0.00866992263052919 0.0135383322648464 0.0130054898964056 0.00343182319933121 0.00383111087476686 0.00254545867263148 0 0.0271801209866963
0.00599226300442453 0.0203233924413616 0.0453686474371374 0.0516318844011847 0.0255575585675319 0.0405527457639818 0.0590927822938797 0.0945638354879166 0.0540185710635234 0.11378301526161 0.143666500172989 0.0860825491716109 0.0666289934172218 0.0455129462318195 0.0398680713149102 0.0227908789661919 0.0133074854404377 0.00319345329690593 0.0122089130445847 0.00693280188771488 0.007911379390524 0.0116089093818822 0.00449985004507049 0.0249025725155849
0.0163803665607801 0.0566075895051648 0.0534505706064444 0.0712519975043928 0.0396345098252209 0.0537930035640924 0.107172843407461 0.115060173471432 0.056776644639304 0.0531765626650534 0.043902502958867 0.0361197783371143 0.0573736075327344 0.0475538112988279 0.0416978205484047 0.0321727863710051 0.0290201888636006 0.0162377647696489 0.0148625470472987 0.00979575471477865 0.00458079424048641 0.00595419425972928 0.00670631374816961 0.030717873559988
0.00126683635131878 0.0344602496081408 0.0502090536278909 0.077290365256414 0.072822536261854 0.119048948385869 0.0695069133155128 0.0870281050144668 0.0915524037011633 0.0630472088483596 0.0345184978235434 0.0266783214606245 0.0305666075814926 0.0390075208133796 0.0221538437135324 0.0269198408114018 0.0357391867931177 0.0237344919524436 0.0210947776865319 0.0128509644105303 0.0183340272086891 0.00394875639182844 0.00839181889558172 0.029828724086313
0.00332018637796869 0.0203374172647825 0.0182450139248549 0.0435533910609893 0.0414753117890345 0.0564047888686454 0.0889222180572815 0.124813047838166 0.0937968022211968 0.0625383985992776 0.0643814392962737 0.0499230238197455 0.0296232811941887 0.0261205509273641 0.0134291279638694 0.0184152733026036 0.0388694668029346 0.027682920221057 0.0426190694790719 0.0241551659891993 0.0224661841673428 0.0159932301413991 0.0176544678908897 0.0552602228018638
0.00493409679727695 0.0869199601009433 0.0445080719876265 0.0486282502568014 0.0250754231857444 0.0963947851049001 0.0653109776222604 0.105704258221251 0.0472836778404869 0.0525649069054554 0.0793350580411384 0.0345144492169923 0.0387221732514747 0.0471856028260405 0.0133506659968793 0.00629289387645898 0.0145765119516778 0.00471949860450877 0.0122074833537274 0.0316338629752901 0.0620604410569687 0.0128591071493217 0.0221382284036953 0.0430796152730789
0.000690415859288277 0.0299051248383637 0.0459956166169706 0.123631502596186 0.042078201718552 0.0359045052121327 0.0240503027576832 0.070994512125531 0.0732781870135545 0.104686164058384 0.0728411936777278 0.0652444969045154 0.0469295453653404 0.0368379634567351 0.0235817206473958 0.0153608163675959 0.0239817374094051 0.023591668697655 0.0231741815122851 0.0184872228105144 0.00884481578879319 0.0181111793735331 0.018851671256866 0.0529472539349914
0.00011058418834871 0.0220104375160791 0.012294437441885 0.0668110443415409 0.0576219711795909 0.0640456978347654 0.0554692037791013 0.0571683956255865 0.0418496491720412 0.0662795504130003 0.0636393036275372 0.0674847559517181 0.0592669443353615 0.0526358411484911 0.0292361125035892 0.0301707578524511 0.0374155559435311 0.0288257058908669 0.0239147933702555 0.0180302884066636 0.010570741406342 0.0157816133666456 0.0157127847224908 0.103653829982117
0.00574904179448003 0.0270961382167275 0.00805032633593819 0.0614203061910057 0.0239446394493637 0.0783294215663744 0.0527760735695469 0.107432742192618 0.0481962737506387 0.0364419546349471 0.0265396478281122 0.0521019227319998 0.0330045825268156 0.0580215145380483 0.0487819080774645 0.0441448412819778 0.0344874374433309 0.0144767901476219 0.0355494431614362 0.0362681859162827 0.024239397035707 0.0126838243562533 0.013546922409883 0.116716664843426
0.00080415240144295 0.0115431651388054 0.016533495683417 0.0279013420374064 0.00577715299797892 0.032704780243284 0.0300018766541767 0.0759501855884635 0.0705649082795784 0.0522260135325372 0.0534485843641665 0.0431739810730983 0.0395073475946123 0.0391558192018771 0.0505321384858403 0.0591686314117456 0.0548235844794468 0.0374270715614313 0.0326288823319878 0.0447555769303868 0.0288923885824081 0.0139700158902791 0.024793322802545 0.153715582733085
#wt_age_ind																																																										
43.5	96.7	164.6	240.2	318	393.7	464.7	529.4	587.3	638.1	682.3	720.3	752.8	780.3	803.6	823.1	839.5	853.2	864.6	874.2	882.1	888.7	894.1	906
43.5	96.7	164.6	240.2	318	393.7	464.7	529.4	587.3	638.1	682.3	720.3	752.8	780.3	803.6	823.1	839.5	853.2	864.6	874.2	882.1	888.7	894.1	906
43.5	96.7	164.6	240.2	318	393.7	464.7	529.4	587.3	638.1	682.3	720.3	752.8	780.3	803.6	823.1	839.5	853.2	864.6	874.2	882.1	888.7	894.1	906
43.5	96.7	164.6	240.2	318	393.7	464.7	529.4	587.3	638.1	682.3	720.3	752.8	780.3	803.6	823.1	839.5	853.2	864.6	874.2	882.1	888.7	894.1	906
43.5	96.7	164.6	240.2	318	393.7	464.7	529.4	587.3	638.1	682.3	720.3	752.8	780.3	803.6	823.1	839.5	853.2	864.6	874.2	882.1	888.7	894.1	906
43.5	96.7	164.6	240.2	318	393.7	464.7	529.4	587.3	638.1	682.3	720.3	752.8	780.3	803.6	823.1	839.5	853.2	864.6	874.2	882.1	888.7	894.1	906
43.5	96.7	164.6	240.2	318	393.7	464.7	529.4	587.3	638.1	682.3	720.3	752.8	780.3	803.6	823.1	839.5	853.2	864.6	874.2	882.1	888.7	894.1	906
43.5	96.7	164.6	240.2	318	393.7	464.7	529.4	587.3	638.1	682.3	720.3	752.8	780.3	803.6	823.1	839.5	853.2	864.6	874.2	882.1	888.7	894.1	906
43.5	96.7	164.6	240.2	318	393.7	464.7	529.4	587.3	638.1	682.3	720.3	752.8	780.3	803.6	823.1	839.5	853.2	864.6	874.2	882.1	888.7	894.1	906
43.5	96.7	164.6	240.2	318	393.7	464.7	529.4	587.3	638.1	682.3	720.3	752.8	780.3	803.6	823.1	839.5	853.2	864.6	874.2	882.1	888.7	894.1	906
43.5	96.7	164.6	240.2	318	393.7	464.7	529.4	587.3	638.1	682.3	720.3	752.8	780.3	803.6	823.1	839.5	853.2	864.6	874.2	882.1	888.7	894.1	906
43.5	96.7	164.6	240.2	318	393.7	464.7	529.4	587.3	638.1	682.3	720.3	752.8	780.3	803.6	823.1	839.5	853.2	864.6	874.2	882.1	888.7	894.1	906
43.5	96.7	164.6	240.2	318	393.7	464.7	529.4	587.3	638.1	682.3	720.3	752.8	780.3	803.6	823.1	839.5	853.2	864.6	874.2	882.1	888.7	894.1	906
43.5	96.7	164.6	240.2	318	393.7	464.7	529.4	587.3	638.1	682.3	720.3	752.8	780.3	803.6	823.1	839.5	853.2	864.6	874.2	882.1	888.7	894.1	906
43.5	96.7	164.6	240.2	318	393.7	464.7	529.4	587.3	638.1	682.3	720.3	752.8	780.3	803.6	823.1	839.5	853.2	864.6	874.2	882.1	888.7	894.1	906
43.5	96.7	164.6	240.2	318	393.7	464.7	529.4	587.3	638.1	682.3	720.3	752.8	780.3	803.6	823.1	839.5	853.2	864.6	874.2	882.1	888.7	894.1	906
43.5	96.7	164.6	240.2	318	393.7	464.7	529.4	587.3	638.1	682.3	720.3	752.8	780.3	803.6	823.1	839.5	853.2	864.6	874.2	882.1	888.7	894.1	906
43.5	96.7	164.6	240.2	318	393.7	464.7	529.4	587.3	638.1	682.3	720.3	752.8	780.3	803.6	823.1	839.5	853.2	864.6	874.2	882.1	888.7	894.1	906
43.5	96.7	164.6	240.2	318	393.7	464.7	529.4	587.3	638.1	682.3	720.3	752.8	780.3	803.6	823.1	839.5	853.2	864.6	874.2	882.1	888.7	894.1	906
43.5	96.7	164.6	240.2	318	393.7	464.7	529.4	587.3	638.1	682.3	720.3	752.8	780.3	803.6	823.1	839.5	853.2	864.6	874.2	882.1	888.7	894.1	906
43.5	96.7	164.6	240.2	318	393.7	464.7	529.4	587.3	638.1	682.3	720.3	752.8	780.3	803.6	823.1	839.5	853.2	864.6	874.2	882.1	888.7	894.1	906
43.5	96.7	164.6	240.2	318	393.7	464.7	529.4	587.3	638.1	682.3	720.3	752.8	780.3	803.6	823.1	839.5	853.2	864.6	874.2	882.1	888.7	894.1	906
43.5	96.7	164.6	240.2	318	393.7	464.7	529.4	587.3	638.1	682.3	720.3	752.8	780.3	803.6	823.1	839.5	853.2	864.6	874.2	882.1	888.7	894.1	906
43.5	96.7	164.6	240.2	318	393.7	464.7	529.4	587.3	638.1	682.3	720.3	752.8	780.3	803.6	823.1	839.5	853.2	864.6	874.2	882.1	888.7	894.1	906
43.5	96.7	164.6	240.2	318	393.7	464.7	529.4	587.3	638.1	682.3	720.3	752.8	780.3	803.6	823.1	839.5	853.2	864.6	874.2	882.1	888.7	894.1	906
43.5	96.7	164.6	240.2	318	393.7	464.7	529.4	587.3	638.1	682.3	720.3	752.8	780.3	803.6	823.1	839.5	853.2	864.6	874.2	882.1	888.7	894.1	906
43.5	96.7	164.6	240.2	318	393.7	464.7	529.4	587.3	638.1	682.3	720.3	752.8	780.3	803.6	823.1	839.5	853.2	864.6	874.2	882.1	888.7	894.1	906
43.5	96.7	164.6	240.2	318	393.7	464.7	529.4	587.3	638.1	682.3	720.3	752.8	780.3	803.6	823.1	839.5	853.2	864.6	874.2	882.1	888.7	894.1	906
43.5	96.7	164.6	240.2	318	393.7	464.7	529.4	587.3	638.1	682.3	720.3	752.8	780.3	803.6	823.1	839.5	853.2	864.6	874.2	882.1	888.7	894.1	906
43.5	96.7	164.6	240.2	318	393.7	464.7	529.4	587.3	638.1	682.3	720.3	752.8	780.3	803.6	823.1	839.5	853.2	864.6	874.2	882.1	888.7	894.1	906
43.5	96.7	164.6	240.2	318	393.7	464.7	529.4	587.3	638.1	682.3	720.3	752.8	780.3	803.6	823.1	839.5	853.2	864.6	874.2	882.1	888.7	894.1	906
43.5	96.7	164.6	240.2	318	393.7	464.7	529.4	587.3	638.1	682.3	720.3	752.8	780.3	803.6	823.1	839.5	853.2	864.6	874.2	882.1	888.7	894.1	906
43.5	96.7	164.6	240.2	318	393.7	464.7	529.4	587.3	638.1	682.3	720.3	752.8	780.3	803.6	823.1	839.5	853.2	864.6	874.2	882.1	888.7	894.1	906
43.5	96.7	164.6	240.2	318	393.7	464.7	529.4	587.3	638.1	682.3	720.3	752.8	780.3	803.6	823.1	839.5	853.2	864.6	874.2	882.1	888.7	894.1	906
43.5	96.7	164.6	240.2	318	393.7	464.7	529.4	587.3	638.1	682.3	720.3	752.8	780.3	803.6	823.1	839.5	853.2	864.6	874.2	882.1	888.7	894.1	906
43.5	96.7	164.6	240.2	318	393.7	464.7	529.4	587.3	638.1	682.3	720.3	752.8	780.3	803.6	823.1	839.5	853.2	864.6	874.2	882.1	888.7	894.1	906
43.5	96.7	164.6	240.2	318	393.7	464.7	529.4	587.3	638.1	682.3	720.3	752.8	780.3	803.6	823.1	839.5	853.2	864.6	874.2	882.1	888.7	894.1	906
43.5	96.7	164.6	240.2	318	393.7	464.7	529.4	587.3	638.1	682.3	720.3	752.8	780.3	803.6	823.1	839.5	853.2	864.6	874.2	882.1	888.7	894.1	906
43.5	96.7	164.6	240.2	318	393.7	464.7	529.4	587.3	638.1	682.3	720.3	752.8	780.3	803.6	823.1	839.5	853.2	864.6	874.2	882.1	888.7	894.1	906
43.5	96.7	164.6	240.2	318	393.7	464.7	529.4	587.3	638.1	682.3	720.3	752.8	780.3	803.6	823.1	839.5	853.2	864.6	874.2	882.1	888.7	894.1	906
43.5	96.7	164.6	240.2	318	393.7	464.7	529.4	587.3	638.1	682.3	720.3	752.8	780.3	803.6	823.1	839.5	853.2	864.6	874.2	882.1	888.7	894.1	906
43.5	96.7	164.6	240.2	318	393.7	464.7	529.4	587.3	638.1	682.3	720.3	752.8	780.3	803.6	823.1	839.5	853.2	864.6	874.2	882.1	888.7	894.1	906
43.5	96.7	164.6	240.2	318	393.7	464.7	529.4	587.3	638.1	682.3	720.3	752.8	780.3	803.6	823.1	839.5	853.2	864.6	874.2	882.1	888.7	894.1	906
43.5	96.7	164.6	240.2	318	393.7	464.7	529.4	587.3	638.1	682.3	720.3	752.8	780.3	803.6	823.1	839.5	853.2	864.6	874.2	882.1	888.7	894.1	906
43.5	96.7	164.6	240.2	318	393.7	464.7	529.4	587.3	638.1	682.3	720.3	752.8	780.3	803.6	823.1	839.5	853.2	864.6	874.2	882.1	888.7	894.1	906
43.5	96.7	164.6	240.2	318	393.7	464.7	529.4	587.3	638.1	682.3	720.3	752.8	780.3	803.6	823.1	839.5	853.2	864.6	874.2	882.1	888.7	894.1	906
43.5	96.7	164.6	240.2	318	393.7	464.7	529.4	587.3	638.1	682.3	720.3	752.8	780.3	803.6	823.1	839.5	853.2	864.6	874.2	882.1	888.7	894.1	906
43.5	96.7	164.6	240.2	318	393.7	464.7	529.4	587.3	638.1	682.3	720.3	752.8	780.3	803.6	823.1	839.5	853.2	864.6	874.2	882.1	888.7	894.1	906
43.5	96.7	164.6	240.2	318	393.7	464.7	529.4	587.3	638.1	682.3	720.3	752.8	780.3	803.6	823.1	839.5	853.2	864.6	874.2	882.1	888.7	894.1	906
43.5	96.7	164.6	240.2	318	393.7	464.7	529.4	587.3	638.1	682.3	720.3	752.8	780.3	803.6	823.1	839.5	853.2	864.6	874.2	882.1	888.7	894.1	906
43.5	96.7	164.6	240.2	318	393.7	464.7	529.4	587.3	638.1	682.3	720.3	752.8	780.3	803.6	823.1	839.5	853.2	864.6	874.2	882.1	888.7	894.1	906
43.5	96.7	164.6	240.2	318	393.7	464.7	529.4	587.3	638.1	682.3	720.3	752.8	780.3	803.6	823.1	839.5	853.2	864.6	874.2	882.1	888.7	894.1	906
43.5	96.7	164.6	240.2	318	393.7	464.7	529.4	587.3	638.1	682.3	720.3	752.8	780.3	803.6	823.1	839.5	853.2	864.6	874.2	882.1	888.7	894.1	906
43.5	96.7	164.6	240.2	318	393.7	464.7	529.4	587.3	638.1	682.3	720.3	752.8	780.3	803.6	823.1	839.5	853.2	864.6	874.2	882.1	888.7	894.1	906
43.5	96.7	164.6	240.2	318	393.7	464.7	529.4	587.3	638.1	682.3	720.3	752.8	780.3	803.6	823.1	839.5	853.2	864.6	874.2	882.1	888.7	894.1	906
43.5	96.7	164.6	240.2	318	393.7	464.7	529.4	587.3	638.1	682.3	720.3	752.8	780.3	803.6	823.1	839.5	853.2	864.6	874.2	882.1	888.7	894.1	906
43.5	96.7	164.6	240.2	318	393.7	464.7	529.4	587.3	638.1	682.3	720.3	752.8	780.3	803.6	823.1	839.5	853.2	864.6	874.2	882.1	888.7	894.1	906
43.5	96.7	164.6	240.2	318	393.7	464.7	529.4	587.3	638.1	682.3	720.3	752.8	780.3	803.6	823.1	839.5	853.2	864.6	874.2	882.1	888.7	894.1	906
43.5	96.7	164.6	240.2	318	393.7	464.7	529.4	587.3	638.1	682.3	720.3	752.8	780.3	803.6	823.1	839.5	853.2	864.6	874.2	882.1	888.7	894.1	906
#wt_age_pop	Average	of	3	most	recent	surveys	2012,	2014,	2016																																																	
43.5	96.7	164.6	240.2	318	393.7	464.7	529.4	587.3	638.1	682.3	720.3	752.8	780.3	803.6	823.1	839.5	853.2	864.6	874.2	882.1	888.7	894.1	906
#maturity																																																										
0.00657105 0.0127563 0.0246193 0.0469894 0.0878552 0.158356 0.268761 0.417919 0.583771 0.732603 0.842568 0.9127 0.953321 0.975547 0.987331 0.993474 0.996649 0.998282 0.99912 0.999549 0.999769 0.999882 0.999939 0.999969 
#spmonth																																																										
5																																																										
#==========================================================================================================================
# Ageing error matrix: proportion at reader age given true age: ageage(1,nages,1,nages)
#==========================================================================================================================
0.9844 0.0156 0 0 0 0 0 0 0 0 0 0 0 0 0 0 0 0 0 0 0 0 0 0
0.035 0.9299 0.035 0 0 0 0 0 0 0 0 0 0 0 0 0 0 0 0 0 0 0 0 0
0 0.0591 0.8818 0.0591 0 0 0 0 0 0 0 0 0 0 0 0 0 0 0 0 0 0 0 0
0 0 0.0848 0.8304 0.0848 0 0 0 0 0 0 0 0 0 0 0 0 0 0 0 0 0 0 0
0 0 1e-04 0.1101 0.7796 0.1101 1e-04 0 0 0 0 0 0 0 0 0 0 0 0 0 0 0 0 0
0 0 0 5e-04 0.1339 0.7314 0.1339 5e-04 0 0 0 0 0 0 0 0 0 0 0 0 0 0 0 0
0 0 0 0 0.0012 0.1555 0.6866 0.1555 0.0012 0 0 0 0 0 0 0 0 0 0 0 0 0 0 0
0 0 0 0 0 0.0027 0.1745 0.6455 0.1745 0.0027 0 0 0 0 0 0 0 0 0 0 0 0 0 0
0 0 0 0 0 0 0.0051 0.1908 0.6081 0.1908 0.0051 0 0 0 0 0 0 0 0 0 0 0 0 0
0 0 0 0 0 0 0 0.0084 0.2045 0.5741 0.2045 0.0084 0 0 0 0 0 0 0 0 0 0 0 0
0 0 0 0 0 0 0 1e-04 0.0127 0.2156 0.5432 0.2156 0.0127 1e-04 0 0 0 0 0 0 0 0 0 0
0 0 0 0 0 0 0 0 2e-04 0.0178 0.2244 0.515 0.2244 0.0178 2e-04 0 0 0 0 0 0 0 0 0
0 0 0 0 0 0 0 0 0 5e-04 0.0237 0.2311 0.4894 0.2311 0.0237 5e-04 0 0 0 0 0 0 0 0
0 0 0 0 0 0 0 0 0 0 9e-04 0.0301 0.236 0.466 0.236 0.0301 9e-04 0 0 0 0 0 0 0
0 0 0 0 0 0 0 0 0 0 0 0.0016 0.0369 0.2393 0.4446 0.2393 0.0369 0.0016 0 0 0 0 0 0
0 0 0 0 0 0 0 0 0 0 0 0 0.0025 0.0438 0.2412 0.4249 0.2412 0.0438 0.0025 0 0 0 0 0
0 0 0 0 0 0 0 0 0 0 0 0 1e-04 0.0037 0.0507 0.2421 0.4068 0.2421 0.0507 0.0037 1e-04 0 0 0
0 0 0 0 0 0 0 0 0 0 0 0 0 2e-04 0.0052 0.0576 0.242 0.3901 0.242 0.0576 0.0052 2e-04 0 0
0 0 0 0 0 0 0 0 0 0 0 0 0 0 3e-04 0.007 0.0642 0.2412 0.3747 0.2412 0.0642 0.007 3e-04 0
0 0 0 0 0 0 0 0 0 0 0 0 0 0 0 5e-04 0.0091 0.0705 0.2398 0.3604 0.2398 0.0705 0.0091 5e-04
0 0 0 0 0 0 0 0 0 0 0 0 0 0 0 0 8e-04 0.0115 0.0764 0.2378 0.3471 0.2378 0.0764 0.0123
0 0 0 0 0 0 0 0 0 0 0 0 0 0 0 0 0 0.0012 0.014 0.0819 0.2355 0.3347 0.2355 0.0972
0 0 0 0 0 0 0 0 0 0 0 0 0 0 0 0 0 1e-04 0.0017 0.0168 0.087 0.2328 0.3231 0.3384
0 0 0 0 0 0 0 0 0 0 0 0 0 0 0 0 0 0 1e-04 0.0023 0.0198 0.0917 0.2299 0.6561
0 0 0 0 0 0 0 0 0 0 0 0 0 0 0 0 0 0 0 2e-04 0.003 0.0228 0.096 0.8779
0 0 0 0 0 0 0 0 0 0 0 0 0 0 0 0 0 0 0 0 3e-04 0.0039 0.026 0.9697
0 0 0 0 0 0 0 0 0 0 0 0 0 0 0 0 0 0 0 0 0 5e-04 0.0049 0.9945
0 0 0 0 0 0 0 0 0 0 0 0 0 0 0 0 0 0 0 0 0 1e-04 7e-04 0.9992
