$Yr
1992 1993 1994 1995 1996 1997 1998 1999 2000 2001 2002 2003 2004 2005 2006 2007 2008 2009 2010 2011 2012 2013 
$TotF
 0.0100999 0.067266 0.131774 0.165995 0.127077 0.0729067 0.0639133 0.081493 0.081493 0.081493 0.081493 0.081493
 0.0107127 0.0713473 0.139769 0.176067 0.134787 0.0773302 0.0677911 0.0864374 0.0864374 0.0864374 0.0864374 0.0864374
 0.00875438 0.0583049 0.114219 0.143882 0.110148 0.0631942 0.0553988 0.0706366 0.0706366 0.0706366 0.0706366 0.0706366
 0.00835191 0.0556245 0.108969 0.137267 0.105084 0.060289 0.052852 0.0673892 0.0673892 0.0673892 0.0673892 0.0673892
 0.00604841 0.040283 0.0789144 0.099408 0.0761014 0.0436609 0.0382751 0.0488029 0.0488029 0.0488029 0.0488029 0.0488029
 0.00838108 0.0558187 0.109349 0.137746 0.105451 0.0604995 0.0530366 0.0676245 0.0676245 0.0676245 0.0676245 0.0676245
 0.0296224 0.115828 0.159336 0.145124 0.124786 0.0931813 0.0897688 0.0946752 0.0946752 0.0946752 0.0946752 0.0946752
 0.0182218 0.07125 0.0980133 0.0892708 0.0767605 0.0573193 0.0552201 0.0582382 0.0582382 0.0582382 0.0582382 0.0582382
 0.0187974 0.0735006 0.101109 0.0920907 0.0791852 0.0591299 0.0569644 0.0600778 0.0600778 0.0600778 0.0600778 0.0600778
 0.0185468 0.0725207 0.0997613 0.0908629 0.0781294 0.0583415 0.0562049 0.0592768 0.0592768 0.0592768 0.0592768 0.0592768
 0.0180383 0.0705324 0.0970261 0.0883717 0.0759874 0.056742 0.0546639 0.0576517 0.0576517 0.0576517 0.0576517 0.0576517
 0.0150767 0.058952 0.0810959 0.0738624 0.0635114 0.0474258 0.0456889 0.0481861 0.0481861 0.0481861 0.0481861 0.0481861
 0.0164014 0.0641317 0.0882213 0.0803522 0.0690917 0.0515928 0.0497033 0.0524199 0.0524199 0.0524199 0.0524199 0.0524199
 0.0168928 0.0660532 0.0908645 0.0827597 0.0711618 0.0531386 0.0511925 0.0539905 0.0539905 0.0539905 0.0539905 0.0539905
 0.0187417 0.0732825 0.100809 0.0918174 0.0789502 0.0589544 0.0567954 0.0598996 0.0598996 0.0598996 0.0598996 0.0598996
 0.0179961 0.0703674 0.0967992 0.088165 0.0758096 0.0566092 0.0545361 0.0575168 0.0575168 0.0575168 0.0575168 0.0575168
 0.0187493 0.0733122 0.10085 0.0918546 0.0789822 0.0589783 0.0568184 0.0599238 0.0599238 0.0599238 0.0599238 0.0599238
 0.0214567 0.0838989 0.115413 0.105119 0.0903876 0.0674951 0.0650232 0.0685771 0.0685771 0.0685771 0.0685771 0.0685771
 0.0215389 0.0842202 0.115856 0.105522 0.0907339 0.0677536 0.0652723 0.0688398 0.0688398 0.0688398 0.0688398 0.0688398
 0.0135287 0.0528991 0.0727694 0.0662786 0.0569903 0.0425563 0.0409978 0.0432386 0.0432386 0.0432386 0.0432386 0.0432386
 0.0130816 0.051151 0.0703647 0.0640883 0.055107 0.04115 0.039643 0.0418097 0.0418097 0.0418097 0.0418097 0.0418097
 0.0118648 0.0463929 0.0638193 0.0581269 0.049981 0.0373223 0.0359554 0.0379206 0.0379206 0.0379206 0.0379206 0.0379206
$natmort
 0.9 0.6 0.4 0.3 0.2 0.15 0.15 0.15 0.15 0.15 0.15 0.15
$TotBiom_NoFish
1992 614161 113633 425525 886419
1993 595445 109641 413274 857918
1994 615510 111103 430234 880572
1995 685343 120506 483439 971569
1996 1.00585e+006 168939 720545 1.40412e+006
1997 837060 140106 600311 1.16718e+006
1998 762875 127657 547152 1.06365e+006
1999 823662 137438 591301 1.14733e+006
2000 845087 140958 606758 1.17703e+006
2001 887228 148505 636288 1.23714e+006
2002 837442 139617 601363 1.1662e+006
2003 908396 153463 649484 1.27052e+006
2004 943263 161158 671891 1.32424e+006
2005 878472 150361 625360 1.23403e+006
2006 807104 138047 574693 1.1335e+006
2007 825454 143317 584796 1.16515e+006
2008 866047 155596 606353 1.23696e+006
2009 840893 155033 583362 1.21211e+006
2010 855729 165364 583476 1.25502e+006
2011 1.18226e+006 264800 759525 1.84027e+006
2012 1.5503e+006 392988 941144 2.55374e+006
2013 1.24678e+006 316231 756667 2.05434e+006
$SSB_NoFishR
1992 0.996142 0.000939606 0.994264 0.998023
1993 0.904043 0.0204581 0.864044 0.945894
1994 0.813799 0.0366045 0.74382 0.890362
1995 0.751718 0.0465696 0.664197 0.850772
1996 0.705527 0.0535162 0.60635 0.820926
1997 0.68577 0.055649 0.58319 0.806394
1998 0.672317 0.0563576 0.56871 0.794798
1999 0.638047 0.0608886 0.527413 0.771887
2000 0.616627 0.0636542 0.501875 0.757616
2001 0.592619 0.0670256 0.472988 0.742509
2002 0.576515 0.069355 0.453622 0.732701
2003 0.566553 0.0710759 0.441264 0.727416
2004 0.562167 0.0721416 0.435367 0.725896
2005 0.557606 0.0733293 0.429132 0.724542
2006 0.55769 0.0740254 0.428157 0.726411
2007 0.551952 0.07595 0.419703 0.725874
2008 0.54171 0.0785421 0.405962 0.72285
2009 0.52831 0.0817658 0.388377 0.718662
2010 0.516578 0.08519 0.372267 0.716831
2011 0.510107 0.08833 0.361715 0.719377
2012 0.520128 0.0890369 0.37025 0.730677
2013 0.552944 0.0873236 0.403974 0.756848
$TotBiom
1992 614161 113633 425525 886419
1993 559034 109489 379245 824055
1994 537899 110775 357831 808580
1995 575564 120099 380873 869777
1996 869939 168539 592596 1.27708e+006
1997 686138 139666 458562 1.02666e+006
1998 587110 127248 382491 901193
1999 603388 137078 385253 945032
2000 602040 140624 379690 954599
2001 623403 148190 390055 996348
2002 557800 139340 341019 912386
2003 620333 153316 381176 1.00954e+006
2004 654732 161123 403131 1.06336e+006
2005 588212 150370 355625 972915
2006 511440 138122 300840 869470
2007 517668 143605 300297 892384
2008 559918 155989 324077 967386
2009 538735 155499 305961 948601
2010 553816 165945 308089 995531
2011 880223 265426 487924 1.58794e+006
2012 1.25616e+006 393559 681174 2.3165e+006
2013 956087 316734 501426 1.823e+006
$SSB_fut_1
2014 223382 77082.1 114213 436900
2015 269049 90479.3 139804 517778
2016 275865 92214.5 143881 528919
2017 255519 85393.7 133288 489840
2018 230937 77226.6 120419 442886
2019 205218 68799.8 106841 394179
2020 179010 60248.7 92970.9 344674
2021 156620 52937.9 81127.3 302364
2022 141590 48037.1 73170.9 273987
2023 127912 43611.9 65897.2 248287
$SSB_fut_2
2014 223110 76993.1 114069 436386
2015 260410 87620.7 135270 501318
2016 261320 87075.9 136562 500053
2017 241317 79929.8 126574 460077
2018 220153 72632.3 115753 418715
2019 198797 65584.9 104526 378091
2020 177743 58927.1 93175.8 339064
2021 160314 53598.4 83604.7 307406
2022 149048 50250.5 77327.2 287290
2023 138755 47266.6 71523.5 269184
$SSB_fut_3
2014 222938 76937.3 113978 436062
2015 255082 85872.6 132459 491219
2016 251051 83715.4 131137 480620
2017 227884 75569.1 119442 434779
2018 204792 67691.8 107552 389947
2019 182374 60355.7 95706.9 347522
2020 160927 53628 84093.7 307961
2021 143374 48310.4 74409.9 276257
2022 131749 44899 67894.1 255660
2023 121305 41907.7 61975.3 237430
$SSB_fut_4
2014 222586 76816 113798 435374
2015 244546 82242.2 127069 470634
2016 231352 76986.7 121001 442342
2017 202786 67075.9 106453 386294
2018 176744 58278.9 92959.9 336041
2019 153026 50576.1 80370.7 291362
2020 131498 43875.3 68662.5 251835
2021 114312 38719.4 59134 220976
2022 102632 35330.8 52553.6 200429
2023 92466.2 32460 46760.8 182845
$SSB_fut_5
2014 224051 77306.3 114561 438184
2015 291539 98086.8 151447 561216
2016 325414 108565 169929 623169
2017 330202 109500 173069 629997
2018 327058 107863 172000 621901
2019 318616 104649 167978 604339
2020 306292 100344 161733 580059
2021 295901 96785.7 156397 559840
2022 294097 95947.4 155687 555556
2023 292225 95214.2 154816 551591
$Catch_fut_1
2014 43118
2015 39601.9
2016 34207
2017 27948.9
2018 24100.8
2019 21561.3
2020 18904.9
2021 16540.3
2022 14953
2023 13508.5
$Catch_fut_2
2014 60828.4
2015 55865.7
2016 48755.7
2017 41126.3
2018 36792.5
2019 33868.3
2020 30849.8
2021 28259.9
2022 26574.2
2023 25031.2
$Catch_fut_3
2014 71332.5
2015 64241.5
2016 55102.1
2017 45845.6
2018 40522.6
2019 36878.5
2020 33251.3
2021 30189.3
2022 28152.4
2023 26321.1
$Catch_fut_4
2014 92187.6
2015 79778.1
2016 66072.7
2017 53482.1
2018 46152.1
2019 41067.6
2020 36302.9
2021 32400
2022 29734.2
2023 27410.3
$Catch_fut_5
2014 0
2015 0
2016 0
2017 0
2018 0
2019 0
2020 0
2021 0
2022 0
2023 0
$SSB
1981 265267 77844.7 149291 471338
1982 128550 37724 72347.4 228413
1983 127224 37004.9 71951.6 224957
1984 127776 35718.3 73824.2 221157
1985 131198 34976.1 77684.2 221575
1986 133754 34471.3 80545.2 222112
1987 134697 33852.4 82109.8 220963
1988 135426 33421.1 83273.5 220240
1989 135730 32963.8 84090.1 219084
1990 136257 32545.7 85067.4 218250
1991 137713 32125.2 86902.2 218232
1992 146552 32753.4 94238.8 227906
1993 153124 35358.5 97067.8 241554
1994 156820 37828.1 97461.8 252328
1995 158304 39638.5 96672 259230
1996 156714 40569.4 94164.8 260812
1997 159614 41446.8 95762.1 266040
1998 173166 44477.5 104453 287081
1999 184867 48794.4 110014 310648
2000 189565 51043.5 111676 321780
2001 186828 51859.2 108343 322168
2002 185826 52746 106493 324259
2003 184217 53222.8 104567 324537
2004 181720 53113.9 102497 322175
2005 178993 53045.5 100190 319779
2006 182280 54491.1 101535 327235
2007 185966 56783.2 102354 337880
2008 178079 55991.2 96365.8 329080
2009 166434 54253.4 88150 314242
2010 158101 53538 81799 305577
2011 153644 53864.4 77765.8 303560
2012 155288 54913.1 78160.8 308523
2013 172487 60396.1 87371.6 340519
2014 224051 77306.3 114561 438184
$R
1992 4083.01 752.471 2832.96 5884.65
1993 2918.28 570.75 1980.81 4299.44
1994 2891.34 574.877 1950.17 4286.74
1995 3875.39 751.206 2639.35 5690.26
1996 10184.5 1772.49 7209.35 14387.3
1997 3435.57 664.328 2341.97 5039.84
1998 2173.28 451.868 1440.21 3279.48
1999 3308.69 657.019 2232.76 4903.09
2000 3018.91 622.41 2007.39 4540.11
2001 3648.61 755.725 2421.62 5497.3
2002 2038.42 466.222 1297.66 3202.05
2003 4026.97 861.199 2638.14 6146.96
2004 4358.43 938.712 2846.89 6672.5
2005 2645.39 608.923 1679.31 4167.24
2006 1308.39 340.914 783.656 2184.5
2007 2013.81 512.01 1220.75 3322.06
2008 3305.38 846.72 1996.39 5472.64
2009 2846.07 795.958 1643.95 4927.25
2010 3540.74 1068.98 1961.36 6391.92
2011 10761.5 3298.04 5910.55 19593.6
2012 16206.1 5390.19 8478.65 30976.3
2013 5576.51 2605.1 2293.23 13560.5
$N
1992  4083.01 2169.43 1095.77 327.627 156.088 138.753 109.24 87.6669 97.2096 65.1685 116.016 333.325
1993  2918.28 1643.35 1113.16 643.832 205.589 112.544 111.029 88.2022 69.5504 77.1211 51.7014 356.484
1994  2891.34 1173.84 839.782 648.84 399.963 147.097 89.6587 89.2998 69.6299 54.9055 60.8821 322.236
1995  3875.39 1165.29 607.732 502.162 416.258 293.308 118.854 73.0111 71.6192 55.8438 44.0347 307.264
1996  10184.5 1562.51 604.921 365.317 324.296 306.807 237.682 97.0326 58.746 57.626 44.9328 282.661
1997  3435.57 4115.72 823.666 374.721 245.024 246.055 252.79 196.893 79.5387 48.1547 47.2367 268.532
1998  2173.28 1385.14 2136.13 494.93 241.879 180.532 199.349 206.34 158.386 63.9831 38.737 254.013
1999  3308.69 857.8 677.039 1220.99 317.124 174.801 141.56 156.849 161.555 124.01 50.0962 229.211
2000  3018.91 1320.92 438.395 411.462 827.281 240.455 142.072 115.296 127.364 131.185 100.698 226.801
2001  3648.61 1204.54 673.565 265.605 278.001 625.755 195.079 115.511 93.45 103.231 106.328 265.445
2002  2038.42 1456.16 614.821 408.635 179.675 210.502 508.069 158.729 93.6992 75.8039 83.7381 301.571
2003  4026.97 813.946 744.73 374.019 277.12 136.341 171.187 414.036 128.966 76.1297 61.5899 313.06
2004  4358.43 1612.75 421.13 460.322 257.352 212.925 111.914 140.761 339.6 105.78 62.4429 307.294
2005  2645.39 1743.18 830.113 258.455 314.686 196.635 174.051 91.655 114.967 277.369 86.3959 301.984
2006  1308.39 1057.52 895.526 508.11 176.26 239.946 160.487 142.331 74.7419 93.7521 226.186 316.712
2007  2013.81 522.076 539.369 542.725 343.395 133.354 194.7 130.506 115.383 60.5907 76.0016 440.109
2008  3305.38 804.15 267.053 328.192 368.13 260.622 108.462 158.685 106.049 93.76 49.236 419.391
2009  2846.07 1318.9 410.13 161.838 221.793 278.51 211.472 88.1979 128.637 85.9681 76.0062 379.891
2010  3540.74 1132.56 665.579 244.951 107.929 165.895 224.07 170.557 70.8812 103.381 69.0893 366.387
2011  10761.5 1408.88 571.36 397.344 163.292 80.7004 133.434 180.673 137.034 56.9496 83.0615 349.883
2012  16206.1 4316.49 733.372 356.114 275.482 126.286 66.5656 110.234 148.926 112.955 46.9427 356.87
2013  5576.51 6503.27 2250.81 458.192 247.438 213.453 104.313 55.0666 90.9943 122.933 93.2404 333.333

$F_age_1
1992  0.0100999 0.067266 0.131774 0.165995 0.127077 0.0729067 0.0639133 0.081493 0.081493 0.081493 0.081493 0.081493 
1993  0.0107127 0.0713473 0.139769 0.176067 0.134787 0.0773302 0.0677911 0.0864374 0.0864374 0.0864374 0.0864374 0.0864374 
1994  0.00875438 0.0583049 0.114219 0.143882 0.110148 0.0631942 0.0553988 0.0706366 0.0706366 0.0706366 0.0706366 0.0706366 
1995  0.00835191 0.0556245 0.108969 0.137267 0.105084 0.060289 0.052852 0.0673892 0.0673892 0.0673892 0.0673892 0.0673892 
1996  0.00604841 0.040283 0.0789144 0.099408 0.0761014 0.0436609 0.0382751 0.0488029 0.0488029 0.0488029 0.0488029 0.0488029 
1997  0.00838108 0.0558187 0.109349 0.137746 0.105451 0.0604995 0.0530366 0.0676245 0.0676245 0.0676245 0.0676245 0.0676245 
1998  0.0296224 0.115828 0.159336 0.145124 0.124786 0.0931813 0.0897688 0.0946752 0.0946752 0.0946752 0.0946752 0.0946752 
1999  0.0182218 0.07125 0.0980133 0.0892708 0.0767605 0.0573193 0.0552201 0.0582382 0.0582382 0.0582382 0.0582382 0.0582382 
2000  0.0187974 0.0735006 0.101109 0.0920907 0.0791852 0.0591299 0.0569644 0.0600778 0.0600778 0.0600778 0.0600778 0.0600778 
2001  0.0185468 0.0725207 0.0997613 0.0908629 0.0781294 0.0583415 0.0562049 0.0592768 0.0592768 0.0592768 0.0592768 0.0592768 
2002  0.0180383 0.0705324 0.0970261 0.0883717 0.0759874 0.056742 0.0546639 0.0576517 0.0576517 0.0576517 0.0576517 0.0576517 
2003  0.0150767 0.058952 0.0810959 0.0738624 0.0635114 0.0474258 0.0456889 0.0481861 0.0481861 0.0481861 0.0481861 0.0481861 
2004  0.0164014 0.0641317 0.0882213 0.0803522 0.0690917 0.0515928 0.0497033 0.0524199 0.0524199 0.0524199 0.0524199 0.0524199 
2005  0.0168928 0.0660532 0.0908645 0.0827597 0.0711618 0.0531386 0.0511925 0.0539905 0.0539905 0.0539905 0.0539905 0.0539905 
2006  0.0187417 0.0732825 0.100809 0.0918174 0.0789502 0.0589544 0.0567954 0.0598996 0.0598996 0.0598996 0.0598996 0.0598996 
2007  0.0179961 0.0703674 0.0967992 0.088165 0.0758096 0.0566092 0.0545361 0.0575168 0.0575168 0.0575168 0.0575168 0.0575168 
2008  0.0187493 0.0733122 0.10085 0.0918546 0.0789822 0.0589783 0.0568184 0.0599238 0.0599238 0.0599238 0.0599238 0.0599238 
2009  0.0214567 0.0838989 0.115413 0.105119 0.0903876 0.0674951 0.0650232 0.0685771 0.0685771 0.0685771 0.0685771 0.0685771 
2010  0.0215389 0.0842202 0.115856 0.105522 0.0907339 0.0677536 0.0652723 0.0688398 0.0688398 0.0688398 0.0688398 0.0688398 
2011  0.0135287 0.0528991 0.0727694 0.0662786 0.0569903 0.0425563 0.0409978 0.0432386 0.0432386 0.0432386 0.0432386 0.0432386 
2012  0.0130816 0.051151 0.0703647 0.0640883 0.055107 0.04115 0.039643 0.0418097 0.0418097 0.0418097 0.0418097 0.0418097 
2013  0.0118648 0.0463929 0.0638193 0.0581269 0.049981 0.0373223 0.0359554 0.0379206 0.0379206 0.0379206 0.0379206 0.0379206 


$Fshry_names
south_horse_mackerel

$Index_names
Bottom_Trawl

$Obs_Index_1
1992 26002.3 12487.9 7800.68
1993 31471.5 13658.4 9441.44
1994 14596.5 15425 4378.96
1995 18636.2 14153.5 5590.88
1996 8486.32 15964.7 2545.9
1997 22739.2 16246.4 6821.77
1998 7242.54 16737.7 2172.76
1999 10132.8 19289.4 3039.84
2000 7730.89 16254.3 2319.27
2001 8493.87 15234.9 2548.16
2002 8920.29 10954 2676.09
2003 4360.41 10840 1308.12
2004 16311.7 13071.3 4893.51
2005 68657.3 17836.9 20597.2
2006 20167 16926.8 6050.09
2007 9847.1 16477.5 2954.13
2008 12141.7 12158 3642.52
2009 18097.4 11539.2 5429.23
2010 21463.9 12356.9 6439.17
2011 6799.21 14762.3 2039.76
2012 -1  18477.6 -1 
2013 64038.5 27401.6 19211.5


$Index_Q
 0.0636691

$pobs_fsh_1
1992  0.0320348 0.260971 0.399555 0.111687 0.0333688 0.0249551 0.0137566 0.0188202 0.0141329 0.0130544 0.0383099 0.039354
1993  0.0156674 0.160085 0.331454 0.243024 0.0856327 0.032319 0.0312816 0.0253739 0.01595 0.0134227 0.0108728 0.0349167
1994  0.0383517 0.190747 0.2616 0.290366 0.0867635 0.0230101 0.0132687 0.0103567 0.0157128 0.014584 0.0182421 0.0369969
1995  0.0311352 0.238501 0.134647 0.224073 0.121441 0.0474138 0.0172409 0.0135205 0.0117137 0.0144376 0.0108938 0.134983
1996  0.33531 0.0664245 0.0674997 0.1354 0.163376 0.0474712 0.0318241 0.0216675 0.020048 0.0264954 0.0159172 0.0685658
1997  0.0100543 0.587238 0.223121 0.0521676 0.0341378 0.0256232 0.0154704 0.0142559 0.00782947 0.00768899 0.00482162 0.017591
1998  0.037852 0.158482 0.529739 0.113039 0.031002 0.018693 0.0160415 0.0340705 0.0210757 0.011043 0.0102599 0.0187025
1999  0.189019 0.109019 0.0959771 0.244067 0.157189 0.0574476 0.0506408 0.0276429 0.0152777 0.0175282 0.00905504 0.0271372
2000  0.0481851 0.286979 0.0926478 0.163751 0.14152 0.0733539 0.0678865 0.0476819 0.0311429 0.0205666 0.0122906 0.013994
2001  0.32197 0.235524 0.0951692 0.0733813 0.072217 0.0511279 0.0468574 0.0455559 0.0298198 0.0100758 0.00615797 0.0121436
2002  0.062154 0.318119 0.284343 0.0892406 0.0443515 0.0384035 0.0345835 0.0421252 0.0342256 0.0253571 0.0121564 0.01494
2003  0.201966 0.0344551 0.185424 0.144081 0.110642 0.0645255 0.0744178 0.0685211 0.0536334 0.0327529 0.017813 0.0117687
2004  0.025021 0.446756 0.204549 0.0642759 0.0293413 0.0478683 0.0417026 0.0524215 0.0371438 0.0136571 0.0185247 0.0187391
2005  0.0738981 0.380022 0.172997 0.08541 0.0628648 0.0398554 0.0393092 0.0278752 0.0320852 0.0261785 0.0193482 0.0401566
2006  0.011522 0.320364 0.321517 0.0784454 0.0233206 0.0456032 0.0411586 0.0208654 0.0252755 0.0279321 0.0309669 0.0530295
2007  0.0166053 0.0945054 0.159245 0.255307 0.118188 0.0471235 0.0256661 0.0205086 0.0343915 0.0273307 0.0284529 0.172676
2008  0.207738 0.232589 0.137194 0.120477 0.0713492 0.0308902 0.0205319 0.0157161 0.0196631 0.017068 0.0194793 0.107303
2009  0.102013 0.385241 0.146203 0.0382563 0.0440818 0.0323012 0.0148355 0.0129014 0.0125879 0.0161443 0.0191036 0.176331
2010  0.268205 0.337591 0.112201 0.0578979 0.0396419 0.0250485 0.012732 0.0130443 0.00811441 0.00883863 0.00985028 0.106835
2011  0.401319 0.108693 0.0979667 0.0890726 0.0702368 0.0336028 0.0199423 0.0163907 0.0134651 0.0245075 0.0216542 0.103149
2012  0.478314 0.282534 0.0712885 0.0331153 0.0344997 0.0182436 0.0126212 0.0103703 0.00647613 0.00763151 0.010371 0.0345343
2013  0.0994511 0.342593 0.303925 0.0846414 0.0484583 0.0268259 0.0113313 0.00998608 0.00866426 0.00766457 0.00690144 0.0495573

$phat_fsh_1
1992  0.0727473 0.286111 0.300914 0.116807 0.0454575 0.024365 0.0168892 0.0171363 0.0190016 0.0127385 0.0226777 0.0651553
1993  0.0507989 0.211413 0.297646 0.22328 0.0582987 0.0192718 0.0167439 0.0168086 0.0132542 0.0146969 0.00985269 0.0679349
1994  0.0543872 0.164 0.245292 0.246591 0.123894 0.0273824 0.0146865 0.0185146 0.0144364 0.0113836 0.0126227 0.0668093
1995  0.0789684 0.176543 0.192725 0.20734 0.139992 0.0592198 0.0211126 0.0164209 0.0161079 0.0125598 0.00990384 0.0691067
1996  0.183441 0.21048 0.171756 0.135567 0.0976488 0.0551434 0.0375474 0.0194455 0.0117728 0.0115483 0.00900459 0.0566455
1997  0.0489444 0.435912 0.182588 0.108149 0.0576031 0.0347298 0.031392 0.0309571 0.0125057 0.00757129 0.00742694 0.0422209
1998  0.0707635 0.193424 0.440089 0.0978621 0.0435066 0.0252091 0.0268611 0.0292538 0.0224552 0.0090712 0.00549193 0.0360127
1999  0.130685 0.147486 0.173162 0.299121 0.0704482 0.0299792 0.0234128 0.0273195 0.0281392 0.0215996 0.00872558 0.0399232
2000  0.128317 0.244219 0.12052 0.108359 0.19759 0.0443508 0.0252712 0.0215969 0.0238574 0.0245732 0.0188623 0.0424837
2001  0.158597 0.227823 0.189464 0.071566 0.0679301 0.118066 0.0354955 0.0221337 0.0179065 0.0197807 0.0203742 0.0508633
2002  0.092249 0.286928 0.180238 0.114741 0.0457458 0.0413729 0.0962975 0.0316834 0.018703 0.015131 0.0167147 0.0601959
2003  0.182634 0.161357 0.220123 0.105832 0.0710412 0.0269421 0.0326164 0.083098 0.0258837 0.0152794 0.0123612 0.0628319
2004  0.181081 0.292375 0.113721 0.119027 0.0603106 0.0384892 0.0195071 0.0258422 0.0623468 0.01942 0.0114638 0.0564159
2005  0.108174 0.310832 0.220403 0.0657142 0.0725262 0.0349648 0.0298435 0.0165521 0.0207621 0.0500905 0.0156024 0.0545357
2006  0.0613809 0.215815 0.271756 0.147705 0.0464689 0.0488502 0.0315095 0.0294281 0.0154535 0.019384 0.0467658 0.0654828
2007  0.111235 0.125568 0.193009 0.186016 0.106719 0.0319921 0.0450435 0.0317967 0.0281121 0.0147625 0.0185172 0.107229
2008  0.185036 0.195823 0.0967011 0.113841 0.115809 0.063314 0.0254107 0.0391502 0.026164 0.0231321 0.0121473 0.103471
2009  0.150894 0.303103 0.139878 0.0528997 0.0657993 0.0638906 0.046791 0.0205463 0.029967 0.0200269 0.0177062 0.0884983
2010  0.177702 0.246358 0.214847 0.0757809 0.0303061 0.0360218 0.0469279 0.037608 0.0156294 0.0227956 0.0152343 0.0807886
2011  0.376627 0.215969 0.130735 0.0870132 0.0323826 0.0123269 0.0196502 0.0280308 0.0212604 0.00883553 0.0128867 0.0542832
2012  0.337711 0.394212 0.100007 0.0464727 0.032552 0.0114914 0.00583958 0.0101883 0.0137644 0.0104398 0.00433865 0.0329835
2013  0.0967577 0.495319 0.256206 0.0499006 0.0243921 0.0161941 0.00762919 0.00424351 0.00701215 0.00947338 0.00718523 0.0256871

$pobs_ind_1
1992  0 0.634862 0.203607 0.0712473 0.0325135 0.0129232 0.00882994 0.00931255 0.00491545 0.0041826 0.00841883 0.00918743
1993  0 0.339642 0.343994 0.212265 0.0498198 0.00651065 0.00470907 0.00649281 0.00595769 0.00861546 0.00519068 0.0168028
1994  0 0.049331 0.342024 0.311698 0.129743 0.0320412 0.0144768 0.0103602 0.00617496 0.00617496 0.00823328 0.0897427
1995  0 0.253351 0.362895 0.219939 0.0979567 0.0186179 0.00386264 0.00451929 0.0018927 0.000927035 0.00181544 0.034223
1996  0 0.104213 0.169576 0.274052 0.275364 0.0522378 0.0225751 0.0103688 0.0082688 0.0173251 0.00380627 0.0622129
1997  0 0.210123 0.347026 0.103525 0.168444 0.0976971 0.0201681 0.0175544 0.00854761 0.0104196 0.00416784 0.0123269
1998  0 0.21844 0.613977 0.0889172 0.032967 0.0182927 0.0101849 0.0117931 0.00268025 0.00087108 0.000469043 0.00140713
1999  0 0.176289 0.331404 0.390563 0.0327518 0.0112609 0.00658208 0.00245837 0.00269627 0.00785091 0.00919905 0.0289453
2000  0 0.177138 0.238248 0.267714 0.130245 0.0726898 0.0389819 0.0230452 0.0215547 0.0147902 0.00355423 0.0120385
2001  0 0.0361538 0.0673077 0.0528846 0.0730769 0.105385 0.129231 0.221538 0.146538 0.0703846 0.0467308 0.0507692
2002  0 0.0346752 0.116204 0.191306 0.152233 0.0783153 0.0296008 0.0267253 0.0669824 0.0593708 0.0771313 0.167456
2003  0 0.143368 0.143744 0.278269 0.247601 0.0709313 0.0387582 0.0250235 0.0158043 0.014111 0.00978363 0.0126058
2004  0 0.139866 0.497581 0.219168 0.0490412 0.0246745 0.0109518 0.0227833 0.0280612 0.00475018 0.00211119 0.00101161
2005  0 0.761944 0.122516 0.0418625 0.0206652 0.00899572 0.0105153 0.0106948 0.00826478 0.00434718 0.00261601 0.00757872
2006  0 0.211829 0.563425 0.140484 0.00841797 0.0269927 0.0194855 0.0160079 0.00654118 0.00364319 0.00179399 0.00138
2007  0 0.00666482 0.216051 0.34981 0.262797 0.0662779 0.0248079 0.016662 0.00601685 0.00657225 0.0142553 0.0300842
2008  0 0.16927 0.260819 0.150367 0.193095 0.133729 0.018669 0.00640525 0.00960787 0.0137479 0.00968599 0.034604
2009  0 0.266862 0.396541 0.145488 0.117803 0.0326205 0.00886731 0.00505557 0.00377162 0.00232717 0.0022068 0.0184568
2010  0 0.16418 0.17447 0.175756 0.244598 0.0768677 0.0247479 0.0328771 0.0211978 0.0203231 0.00807779 0.0569047
2011  0 0.393742 0.260323 0.188322 0.079679 0.0191927 0.00604862 0.00802606 0.00523438 0.00988717 0.0117483 0.0177969
2013  0 0.271716 0.582757 0.104439 0.0254819 0.00285541 0.00184337 0.00187048 0.00148192 0.00160843 0.00114759 0.00479818

$phat_ind_1
1992  0.0254811 0.291272 0.399388 0.118322 0.0467984 0.0238905 0.0127775 0.0102875 0.0114073 0.00764734 0.0136141 0.0391147
1993  0.0174923 0.211335 0.387414 0.221661 0.0588715 0.0185556 0.0124411 0.00990705 0.00781205 0.0086624 0.0058072 0.040041
1994  0.0189365 0.166396 0.32537 0.249992 0.12741 0.0267563 0.0110684 0.0110804 0.00863974 0.00681273 0.0075543 0.0399833
1995  0.0284695 0.185615 0.265127 0.218089 0.149284 0.0599613 0.0164858 0.0101844 0.00999027 0.00778973 0.00614247 0.0428607
1996  0.0711739 0.239224 0.256625 0.155239 0.113001 0.060347 0.0316686 0.0130431 0.00789663 0.00774608 0.00603987 0.0379952
1997  0.0172258 0.447388 0.245181 0.111035 0.0599595 0.0343266 0.0239285 0.0187422 0.00757129 0.00458385 0.00449646 0.0255616
1998  0.00992432 0.132987 0.566091 0.135041 0.0539893 0.0227313 0.0169765 0.0178066 0.0136683 0.0055216 0.00334291 0.0219207
1999  0.0188275 0.105356 0.232589 0.430001 0.0907996 0.0279627 0.0152999 0.0172045 0.0177207 0.0136024 0.00549496 0.0251418
2000  0.0223378 0.0927121 0.157033 0.238252 0.256534 0.0607317 0.0384618 0.0220185 0.024323 0.0250528 0.0192305 0.0433129
2001  0.028878 0.0904857 0.258305 0.164637 0.0922707 0.16913 0.0565141 0.0236066 0.0190981 0.021097 0.02173 0.0542481
2002  0.0162602 0.111846 0.23327 0.269932 0.117324 0.0784403 0.0873374 0.0190395 0.0112392 0.00909268 0.0100444 0.0361735
2003  0.0317213 0.0621602 0.281909 0.24622 0.180045 0.0504238 0.0291981 0.0492964 0.015355 0.00906423 0.00733308 0.0372739
2004  0.0344907 0.123355 0.159416 0.30319 0.167408 0.0789327 0.0191358 0.0167981 0.0405269 0.0126235 0.00745176 0.0366717
2005  0.0617227 0.398469 0.262939 0.0643177 0.063227 0.0272492 0.0188181 0.0108487 0.013608 0.0328305 0.0102262 0.035744
2006  0.0352827 0.278202 0.325748 0.145309 0.0407386 0.0383098 0.0199948 0.0194085 0.0101919 0.0127842 0.0308431 0.0431874
2007  0.0694801 0.176024 0.25167 0.199038 0.101739 0.0272756 0.031073 0.0227984 0.0201566 0.0105848 0.013277 0.0768839
2008  0.0342022 0.171564 0.183837 0.193582 0.184816 0.0779173 0.0191555 0.0258857 0.0172994 0.0152947 0.00803169 0.0684138
2009  0.0283912 0.269587 0.26964 0.0912625 0.10661 0.0799044 0.0358494 0.0138052 0.020135 0.0134562 0.0118969 0.0594624
2010  0.0320548 0.210053 0.397011 0.125327 0.047072 0.0431883 0.0344682 0.0242245 0.0100674 0.0146834 0.00981285 0.0520384
2011  0.0844626 0.230754 0.303784 0.18066 0.0630127 0.0184633 0.0180254 0.022559 0.0171102 0.00711077 0.0103711 0.0436867
2013  0.0157885 0.385705 0.434196 0.0755369 0.0345903 0.0176665 0.00509689 0.00248746 0.00411038 0.00555311 0.00421184 0.0150573


$Obs_catch_1
 27858.3 31521.3 28450.5 25132.2 20359.9 29490.9 41661.1 27767.7 26160.5 24911.4 22506 18887.1 24485.4 22689.2 23894.7 22787.3 22993.1 25726.5 27216.8 21874.5 24868.2 28988.4

$Pred_catch_1
 27934.6 31739.3 28610.7 25197.2 20366.2 29403.7 41873.6 27780.1 26136.5 24816.8 22441.9 18857.7 24417.5 22651.2 23887.1 22793 22932.8 25656.8 27170.8 21866.7 24815.1 28952

$F_fsh_1 
1992 0.0872081 0.165995 
1993 0.0924993 0.176067 
1994 0.0755904 0.143882 
1995 0.0721153 0.137267 
1996 0.0522255 0.099408 
1997 0.0723671 0.137746 
1998 0.102585 0.159336 
1999 0.0631039 0.0980133 
2000 0.0650972 0.101109 
2001 0.0642293 0.0997613 
2002 0.0624683 0.0970261 
2003 0.052212 0.0810959 
2004 0.0567995 0.0882213 
2005 0.0585013 0.0908645 
2006 0.0649041 0.100809 
2007 0.0623222 0.0967992 
2008 0.0649304 0.10085 
2009 0.0743066 0.115413 
2010 0.0745913 0.115856 
2011 0.0468511 0.0727694 
2012 0.0453029 0.0703647 
2013 0.0410888 0.0638193 

$sel_fsh_1
1  1992  0.115813 0.771328 1.51103 1.90344 1.45717 0.836008 0.732882 0.934466 0.934466 0.934466 0.934466 0.934466
1  1993  0.115813 0.771328 1.51103 1.90344 1.45717 0.836008 0.732882 0.934466 0.934466 0.934466 0.934466 0.934466
1  1994  0.115813 0.771328 1.51103 1.90344 1.45717 0.836008 0.732882 0.934466 0.934466 0.934466 0.934466 0.934466
1  1995  0.115813 0.771328 1.51103 1.90344 1.45717 0.836008 0.732882 0.934466 0.934466 0.934466 0.934466 0.934466
1  1996  0.115813 0.771328 1.51103 1.90344 1.45717 0.836008 0.732882 0.934466 0.934466 0.934466 0.934466 0.934466
1  1997  0.115813 0.771328 1.51103 1.90344 1.45717 0.836008 0.732882 0.934466 0.934466 0.934466 0.934466 0.934466
1  1998  0.288759 1.12909 1.55321 1.41466 1.21641 0.908332 0.875066 0.922894 0.922894 0.922894 0.922894 0.922894
1  1999  0.288759 1.12909 1.55321 1.41466 1.21641 0.908332 0.875066 0.922894 0.922894 0.922894 0.922894 0.922894
1  2000  0.288759 1.12909 1.55321 1.41466 1.21641 0.908332 0.875066 0.922894 0.922894 0.922894 0.922894 0.922894
1  2001  0.288759 1.12909 1.55321 1.41466 1.21641 0.908332 0.875066 0.922894 0.922894 0.922894 0.922894 0.922894
1  2002  0.288759 1.12909 1.55321 1.41466 1.21641 0.908332 0.875066 0.922894 0.922894 0.922894 0.922894 0.922894
1  2003  0.288759 1.12909 1.55321 1.41466 1.21641 0.908332 0.875066 0.922894 0.922894 0.922894 0.922894 0.922894
1  2004  0.288759 1.12909 1.55321 1.41466 1.21641 0.908332 0.875066 0.922894 0.922894 0.922894 0.922894 0.922894
1  2005  0.288759 1.12909 1.55321 1.41466 1.21641 0.908332 0.875066 0.922894 0.922894 0.922894 0.922894 0.922894
1  2006  0.288759 1.12909 1.55321 1.41466 1.21641 0.908332 0.875066 0.922894 0.922894 0.922894 0.922894 0.922894
1  2007  0.288759 1.12909 1.55321 1.41466 1.21641 0.908332 0.875066 0.922894 0.922894 0.922894 0.922894 0.922894
1  2008  0.288759 1.12909 1.55321 1.41466 1.21641 0.908332 0.875066 0.922894 0.922894 0.922894 0.922894 0.922894
1  2009  0.288759 1.12909 1.55321 1.41466 1.21641 0.908332 0.875066 0.922894 0.922894 0.922894 0.922894 0.922894
1  2010  0.288759 1.12909 1.55321 1.41466 1.21641 0.908332 0.875066 0.922894 0.922894 0.922894 0.922894 0.922894
1  2011  0.288759 1.12909 1.55321 1.41466 1.21641 0.908332 0.875066 0.922894 0.922894 0.922894 0.922894 0.922894
1  2012  0.288759 1.12909 1.55321 1.41466 1.21641 0.908332 0.875066 0.922894 0.922894 0.922894 0.922894 0.922894
1  2013  0.288759 1.12909 1.55321 1.41466 1.21641 0.908332 0.875066 0.922894 0.922894 0.922894 0.922894 0.922894


$sel_ind_1
1  1992  0.0394513 0.700302 1.70775 1.60627 1.19463 0.631739 0.426116 0.433491 0.433491 0.433491 0.433491 0.433491
1  1993  0.0394513 0.700302 1.70775 1.60627 1.19463 0.631739 0.426116 0.433491 0.433491 0.433491 0.433491 0.433491
1  1994  0.0394513 0.700302 1.70775 1.60627 1.19463 0.631739 0.426116 0.433491 0.433491 0.433491 0.433491 0.433491
1  1995  0.0394513 0.700302 1.70775 1.60627 1.19463 0.631739 0.426116 0.433491 0.433491 0.433491 0.433491 0.433491
1  1996  0.0394513 0.700302 1.70775 1.60627 1.19463 0.631739 0.426116 0.433491 0.433491 0.433491 0.433491 0.433491
1  1997  0.0394513 0.700302 1.70775 1.60627 1.19463 0.631739 0.426116 0.433491 0.433491 0.433491 0.433491 0.433491
1  1998  0.0394513 0.700302 1.70775 1.60627 1.19463 0.631739 0.426116 0.433491 0.433491 0.433491 0.433491 0.433491
1  1999  0.0394513 0.700302 1.70775 1.60627 1.19463 0.631739 0.426116 0.433491 0.433491 0.433491 0.433491 0.433491
1  2000  0.0360089 0.281282 1.25238 1.8571 0.909498 0.700819 0.749898 0.5303 0.5303 0.5303 0.5303 0.5303
1  2001  0.0360089 0.281282 1.25238 1.8571 0.909498 0.700819 0.749898 0.5303 0.5303 0.5303 0.5303 0.5303
1  2002  0.032399 0.256458 1.10423 1.76404 1.59534 0.86184 0.396924 0.277624 0.277624 0.277624 0.277624 0.277624
1  2003  0.032399 0.256458 1.10423 1.76404 1.59534 0.86184 0.396924 0.277624 0.277624 0.277624 0.277624 0.277624
1  2004  0.032399 0.256458 1.10423 1.76404 1.59534 0.86184 0.396924 0.277624 0.277624 0.277624 0.277624 0.277624
1  2005  0.195236 1.56825 1.89168 1.36429 1.00836 0.659017 0.513376 0.563271 0.563271 0.563271 0.563271 0.563271
1  2006  0.195236 1.56825 1.89168 1.36429 1.00836 0.659017 0.513376 0.563271 0.563271 0.563271 0.563271 0.563271
1  2007  0.195236 1.56825 1.89168 1.36429 1.00836 0.659017 0.513376 0.563271 0.563271 0.563271 0.563271 0.563271
1  2008  0.0400616 0.680143 1.91448 1.50479 1.17131 0.659914 0.389167 0.360341 0.360341 0.360341 0.360341 0.360341
1  2009  0.0400616 0.680143 1.91448 1.50479 1.17131 0.659914 0.389167 0.360341 0.360341 0.360341 0.360341 0.360341
1  2010  0.0400616 0.680143 1.91448 1.50479 1.17131 0.659914 0.389167 0.360341 0.360341 0.360341 0.360341 0.360341
1  2011  0.0400616 0.680143 1.91448 1.50479 1.17131 0.659914 0.389167 0.360341 0.360341 0.360341 0.360341 0.360341
1  2012  0.0400616 0.680143 1.91448 1.50479 1.17131 0.659914 0.389167 0.360341 0.360341 0.360341 0.360341 0.360341
1  2013  0.0400616 0.680143 1.91448 1.50479 1.17131 0.659914 0.389167 0.360341 0.360341 0.360341 0.360341 0.360341


$Stock_Rec
1981 265267 1392.67 692.434
1982 128550 1345.15 2707.36
1983 127224 1344.22 1308.95
1984 127776 1344.61 1680.54
1985 131198 1346.95 1304.46
1986 133754 1348.62 1399.04
1987 134697 1349.22 1529.5
1988 135426 1349.68 1408.69
1989 135730 1349.88 2190.48
1990 136257 1350.2 4910.9
1991 137713 1351.1 5335.95
1992 146552 1356.18 4083.01
1993 153124 1359.59 2918.28
1994 156820 1361.4 2891.34
1995 158304 1362.1 3875.39
1996 156714 1361.35 10184.5
1997 159614 1362.71 3435.57
1998 173166 1368.49 2173.28
1999 184867 1372.84 3308.69
2000 189565 1374.44 3018.91
2001 186828 1373.51 3648.61
2002 185826 1373.17 2038.42
2003 184217 1372.61 4026.97
2004 181720 1371.72 4358.43
2005 178993 1370.72 2645.39
2006 182280 1371.92 1308.39
2007 185966 1373.22 2013.81
2008 178079 1370.38 3305.38
2009 166434 1365.73 2846.07
2010 158101 1362 3540.74
2011 153644 1359.85 10761.5
2012 155288 1360.66 16206.1
2013 172487 1368.22 5576.51

$stock_Rec_Curve
0 0
5468.69 540.196
10937.4 785.739
16406.1 926.049
21874.8 1016.84
27343.5 1080.39
32812.2 1127.36
38280.8 1163.5
43749.5 1192.16
49218.2 1215.44
54686.9 1234.73
60155.6 1250.98
65624.3 1264.85
71093 1276.83
76561.7 1287.27
82030.4 1296.47
87499.1 1304.62
92967.8 1311.9
98436.5 1318.44
103905 1324.35
109374 1329.71
114843 1334.6
120311 1339.08
125780 1343.19
131249 1346.98
136717 1350.49
142186 1353.74
147655 1356.77
153123 1359.59
158592 1362.23
164061 1364.7


$Like_Comp
 0.0376677 212.242 2.82977 50.4632 47.9257 11.2326 25.6121 0.000495059 10.9589 0 0.199332 361.501


$Like_Comp_names
catch_like     
age_like_fsh     
sel_like_fsh     
index_like        
age_like_ind     
sel_like_ind     
rec_like         
fpen             
post_priors_indq 
post_priors      
residual         
total            
$Sel_Fshry_1
 1.88164 0.890965 0.0571641 0

$Index_1
50.4632


$Age_Index_1
47.92572

$Sel_Index_1
10.04004 1.17895 0.01357


  $Rec_Pen
1.60000   11.67283 0.00000 4.70004 9.23928

$F_Pen
0.00050  0.00000

$Q_Index_1
 10.95894 0.06367 1.00000 0.20000
$Q_power_Index_1
 10.95894 1.00000 1.00000 0.20000

$M_prior
 0.00000 0.15000 0.15000 0.05000

$Steep
 0.00000 0.80000 0.80000 300.00000

$Sigmar
 0.00000 1.60000 1.60000 15.00000

$Num_parameters_Est
124

$Steep_Prior
0.80000 300.00000 -6 

$sigmarPrior 
1.60000 15.00000 -4

$Rec_estimated_in_styr_endyr 
1981 2013 

$SR_Curve_fit__in_styr_endyr 
1993 2010 

$Model_styr_endyr
1992 2013 

$M_prior 
0.15000 0.05000 -4

$qprior 
 1.00000  0.20000  4
$q_power_prior 
 1.00000  0.20000  -4

$cv_catchbiomass 
0.05000 

$Projection_years
10

$Fsh_sel_opt_fish 
1 1  1.00000 0.00000 0.00000 0.00000 0.00000 0.00000 0.80000 0.00000 0.00000 0.00000 0.00000 0.00000 0.00000 0.00000 0.00000 0.00000 0.00000 0.00000 0.00000 0.00000 0.00000 0.00000

$Index_Sel_Opt
1 1

$Phase_index_Sel_Coffs 
 2

$Fshry_Selages 
 8

$Index_Selages 
 8

$Phase_for_age_spec_fishery
 2

$Phase_for_logistic_fishery
 -1

$Phase_for_dble_logistic_fishery 
 -1

$Phase_for_age_spec_index  
 2

$Phase_for_logistic_index  
 -1

$Phase_for_dble_logistic_indy 
 -1

$EffN_Fsh_1
1992 118.16809 2138.40038 2.91422 2.97345 2.73891 2.36644 3.46200
1993 112.15076 1906.93640 3.16271 3.10834 2.37448 2.68782 3.63761
1994 210.51435 77.76002 3.04561 3.32364 2.45176 2.55525 3.53596
1995 76.47439 39.03113 3.91834 3.38282 3.34566 3.24920 4.58747
1996 27.26921 169.96521 3.15334 2.89967 3.30712 2.49192 3.81476
1997 55.28259 10.49176 2.02082 2.64153 2.01056 1.61871 2.42293
1998 143.50949 1343.31725 2.68561 2.74554 2.19657 2.24630 3.12493
1999 42.52800 29561.83075 3.11555 3.10049 2.58811 2.59792 3.63317
2000 43.28385 264.33655 3.34855 3.19322 2.52555 2.84344 3.85366
2001 31.18112 10.50475 2.31495 3.13592 2.66086 1.78278 2.84712
2002 59.84332 28.35721 2.81425 3.29615 2.56617 2.30102 3.32749
2003 31.80127 99.38746 3.56032 3.27470 2.84742 2.99084 4.12981
2004 23.68424 212.85091 2.83400 3.01729 2.67420 2.29916 3.36884
2005 132.98292 1066.86824 2.99146 3.08146 2.93987 2.40348 3.57943
2006 61.66252 140.96554 3.25963 3.51368 3.01629 2.65637 3.86289
2007 53.92916 11.83617 4.88992 3.87176 3.50284 4.18935 5.59049
2008 130.82591 83.20984 3.22750 3.61423 3.52767 2.52197 3.93304
2009 56.53303 117.07476 3.68625 3.31930 3.97048 2.89216 4.48035
2010 49.86666 45.26497 2.60535 3.12076 3.46770 1.91181 3.29888
2011 47.71878 26.71271 2.93466 2.21935 3.69705 2.19525 3.67407
2012 67.02420 391.98121 1.50607 1.63794 2.61083 0.98391 2.02824
2013 61.42361 25.05245 2.42266 1.90722 2.57991 1.90668 2.93864
$C_fsh_1
1992  27.07425 106.48159 111.99066 43.47186 16.91787 9.06788 6.28563 6.37760 7.07181 4.74088 8.43994 24.24875
1993  20.51976 85.39856 120.23161 90.19179 23.54925 7.78467 6.76353 6.78970 5.35391 5.93668 3.97991 27.44171
1994  16.62776 50.13954 74.99286 75.39020 37.87806 8.37161 4.49008 5.66044 4.41363 3.48029 3.85913 20.42554
1995  21.26592 47.54252 51.90025 55.83586 37.69940 15.94771 5.68555 4.42210 4.33780 3.38232 2.66707 18.61021
1996  40.51241 46.48380 37.93167 29.93944 21.56541 12.17824 8.29223 4.29446 2.59997 2.55041 1.98863 12.50997
1997  18.91806 168.48922 70.57436 41.80181 22.26483 13.42381 12.13367 11.96560 4.83374 2.92647 2.87067 16.31927
1998  41.91780 114.57766 260.69306 57.97006 25.77178 14.93296 15.91159 17.32890 13.30165 5.37346 3.25323 21.33264
1999  39.44664 44.51778 52.26796 90.28806 21.26445 9.04908 7.06703 8.24626 8.49367 6.51973 2.63377 12.05064
2000  37.11964 70.64747 34.86398 31.34600 57.15868 12.82979 7.31044 6.24755 6.90146 7.10852 5.45649 12.28968
2001  44.26890 63.59167 52.88470 19.97604 18.96117 32.95540 9.90778 6.17813 4.99819 5.52133 5.68699 14.19736
2002  24.05947 74.83375 47.00790 29.92549 11.93097 10.79048 25.11536 8.26336 4.87794 3.94632 4.35937 15.69969
2003  39.77655 35.14258 47.94129 23.04940 15.47230 5.86782 7.10363 18.09820 5.63730 3.32775 2.69220 13.68437
2004  46.80666 75.57478 29.39532 30.76676 15.58940 9.94891 5.04229 6.67983 16.11572 5.01979 2.96323 14.58267
2005  29.25490 84.06247 59.60644 17.77198 19.61424 9.45599 8.07098 4.47641 5.61497 13.54664 4.21956 14.74883
2006  16.04030 56.39748 71.01642 38.59893 12.14342 12.76571 8.23419 7.69026 4.03837 5.06551 12.22101 17.11220
2007  23.71373 26.76940 41.14678 39.65608 22.75108 6.82028 9.60265 6.77862 5.99312 3.14715 3.94762 22.85976
2008  40.53868 42.90205 21.18583 24.94104 25.37220 13.87120 5.56712 8.57726 5.73216 5.06792 2.66131 22.66895
2009  39.90025 80.14816 36.98737 13.98804 17.39904 16.89431 12.37274 5.43298 7.92406 5.29563 4.68197 23.40123
2010  49.82744 69.07826 60.24275 21.24883 8.49778 10.10043 13.15848 10.54520 4.38245 6.39184 4.27166 22.65298
2011  95.44530 54.73110 33.13101 22.05100 8.20644 3.12390 4.97979 7.10360 5.38783 2.23911 3.26577 13.75653
2012  139.01121 162.26870 41.16580 19.12947 13.39930 4.73018 2.40373 4.19380 5.66582 4.29732 1.78591 13.57695
2013  43.40666 222.20601 114.93719 22.38599 10.94257 7.26488 3.42255 1.90369 3.14573 4.24987 3.22338 11.52354
$wt_a_pop
 45.00000 42.00000 51.00000 88.00000 131.00000 157.00000 180.00000 197.00000 213.00000 227.00000 258.00000 330.00000
$mature_a
 0.00000 0.00000 0.18000 0.41000 0.47500 0.48500 0.49500 0.50000 0.50000 0.50000 0.50000 0.50000
$wt_fsh_1
1992  30.00000 30.00000 40.00000 70.00000 100.00000 130.00000 150.00000 170.00000 190.00000 200.00000 230.00000 300.00000
1993  20.00000 30.00000 40.00000 70.00000 90.00000 130.00000 170.00000 210.00000 240.00000 240.00000 250.00000 300.00000
1994  40.00000 40.00000 60.00000 70.00000 90.00000 130.00000 160.00000 190.00000 230.00000 250.00000 270.00000 340.00000
1995  40.00000 30.00000 60.00000 80.00000 100.00000 120.00000 160.00000 170.00000 200.00000 220.00000 230.00000 310.00000
1996  20.00000 50.00000 70.00000 90.00000 110.00000 140.00000 170.00000 190.00000 220.00000 240.00000 260.00000 310.00000
1997  30.00000 30.00000 50.00000 70.00000 110.00000 140.00000 170.00000 200.00000 240.00000 260.00000 260.00000 360.00000
1998  30.00000 30.00000 40.00000 70.00000 100.00000 130.00000 170.00000 210.00000 170.00000 240.00000 250.00000 350.00000
1999  20.00000 40.00000 60.00000 80.00000 110.00000 140.00000 160.00000 190.00000 220.00000 250.00000 270.00000 360.00000
2000  20.00000 30.00000 50.00000 90.00000 110.00000 130.00000 160.00000 190.00000 220.00000 240.00000 250.00000 310.00000
2001  20.00000 30.00000 70.00000 80.00000 90.00000 130.00000 160.00000 180.00000 200.00000 230.00000 240.00000 310.00000
2002  30.00000 30.00000 40.00000 70.00000 100.00000 120.00000 150.00000 170.00000 200.00000 230.00000 250.00000 310.00000
2003  20.00000 30.00000 50.00000 60.00000 90.00000 120.00000 150.00000 180.00000 200.00000 230.00000 250.00000 310.00000
2004  40.00000 30.00000 50.00000 80.00000 120.00000 160.00000 180.00000 210.00000 230.00000 250.00000 270.00000 330.00000
2005  20.00000 30.00000 40.00000 70.00000 120.00000 150.00000 170.00000 180.00000 220.00000 240.00000 250.00000 300.00000
2006  30.00000 30.00000 50.00000 60.00000 90.00000 130.00000 140.00000 170.00000 190.00000 230.00000 250.00000 330.00000
2007  30.00000 50.00000 60.00000 70.00000 90.00000 110.00000 160.00000 190.00000 230.00000 220.00000 240.00000 300.00000
2008  20.00000 50.00000 60.00000 80.00000 100.00000 130.00000 150.00000 170.00000 200.00000 210.00000 230.00000 320.00000
2009  20.00000 30.00000 60.00000 90.00000 110.00000 130.00000 150.00000 170.00000 180.00000 210.00000 240.00000 360.00000
2010  20.00000 40.00000 60.00000 80.00000 110.00000 140.00000 160.00000 180.00000 190.00000 200.00000 240.00000 380.00000
2011  35.00000 60.00000 68.00000 84.00000 110.00000 137.00000 174.00000 186.00000 194.00000 231.00000 279.00000 374.00000
2012  23.00000 34.00000 65.00000 102.00000 131.00000 162.00000 184.00000 194.00000 213.00000 237.00000 281.00000 366.00000
2013  45.00000 42.00000 51.00000 88.00000 131.00000 157.00000 180.00000 197.00000 213.00000 227.00000 258.00000 330.00000
$wt_ind_1
1992  30.00000 30.00000 40.00000 70.00000 100.00000 130.00000 150.00000 170.00000 190.00000 200.00000 230.00000 300.00000
1993  20.00000 30.00000 40.00000 70.00000 90.00000 130.00000 170.00000 210.00000 240.00000 240.00000 250.00000 300.00000
1994  40.00000 40.00000 60.00000 70.00000 90.00000 130.00000 160.00000 190.00000 230.00000 250.00000 270.00000 340.00000
1995  40.00000 30.00000 60.00000 80.00000 100.00000 120.00000 160.00000 170.00000 200.00000 220.00000 230.00000 310.00000
1996  20.00000 50.00000 70.00000 90.00000 110.00000 140.00000 170.00000 190.00000 220.00000 240.00000 260.00000 310.00000
1997  30.00000 30.00000 50.00000 70.00000 110.00000 140.00000 170.00000 200.00000 240.00000 260.00000 260.00000 360.00000
1998  30.00000 30.00000 40.00000 70.00000 100.00000 130.00000 170.00000 210.00000 170.00000 240.00000 250.00000 350.00000
1999  20.00000 40.00000 60.00000 80.00000 110.00000 140.00000 160.00000 190.00000 220.00000 250.00000 270.00000 360.00000
2000  20.00000 30.00000 50.00000 90.00000 110.00000 130.00000 160.00000 190.00000 220.00000 240.00000 250.00000 310.00000
2001  20.00000 30.00000 70.00000 80.00000 90.00000 130.00000 160.00000 180.00000 200.00000 230.00000 240.00000 310.00000
2002  30.00000 30.00000 40.00000 70.00000 100.00000 120.00000 150.00000 170.00000 200.00000 230.00000 250.00000 310.00000
2003  20.00000 30.00000 50.00000 60.00000 90.00000 120.00000 150.00000 180.00000 200.00000 230.00000 250.00000 310.00000
2004  40.00000 30.00000 50.00000 80.00000 120.00000 160.00000 180.00000 210.00000 230.00000 250.00000 270.00000 330.00000
2005  20.00000 30.00000 40.00000 70.00000 120.00000 150.00000 170.00000 180.00000 220.00000 240.00000 250.00000 300.00000
2006  30.00000 30.00000 50.00000 60.00000 90.00000 130.00000 140.00000 170.00000 190.00000 230.00000 250.00000 330.00000
2007  30.00000 50.00000 60.00000 70.00000 90.00000 110.00000 160.00000 190.00000 230.00000 220.00000 240.00000 300.00000
2008  20.00000 50.00000 60.00000 80.00000 100.00000 130.00000 150.00000 170.00000 200.00000 210.00000 230.00000 320.00000
2009  20.00000 30.00000 60.00000 90.00000 110.00000 130.00000 150.00000 170.00000 180.00000 210.00000 240.00000 360.00000
2010  20.00000 40.00000 60.00000 80.00000 110.00000 140.00000 160.00000 180.00000 190.00000 200.00000 240.00000 380.00000
2011  35.00000 60.00000 68.00000 84.00000 110.00000 137.00000 174.00000 186.00000 194.00000 231.00000 279.00000 374.00000
2012  23.00000 34.00000 65.00000 102.00000 131.00000 162.00000 184.00000 194.00000 213.00000 237.00000 281.00000 366.00000
2013  45.00000 42.00000 51.00000 88.00000 131.00000 157.00000 180.00000 197.00000 213.00000 227.00000 258.00000 330.00000
$EffN_Index_1
1992.00000 14.61137 4.67667 1.83087 2.62682 1.72129 0.74223 2.91951
1993.00000 77.37396 17.62993 2.33190 2.76239 1.80753 1.18872 3.47508
1994.00000 57.90446 15.41328 3.68151 3.00030 2.67441 1.99006 5.37296
1995.00000 63.01694 14.06365 2.59678 3.12021 1.96294 1.35531 3.83825
1996.00000 19.34235 6.94395 3.78068 2.86448 2.41431 2.25373 5.30763
1997.00000 18.54358 11.45065 2.96033 2.38506 1.94667 1.72916 4.19151
1998.00000 79.85292 4.72028 2.12959 2.66001 1.15240 1.40075 2.85843
1999.00000 54.26491 22.20735 2.75741 3.17148 1.95125 1.52334 3.99149
2000.00000 41.42943 7.93786 3.20993 3.92503 2.01475 1.93569 4.48417
2001.00000 3.75794 1.14587 6.30635 3.97676 2.49372 4.72918 7.88351
2002.00000 6.86356 2.12638 5.88972 3.57708 3.37231 3.75688 8.02255
2003.00000 37.28535 2934.36408 3.50837 3.54496 1.98206 2.25481 4.76194
2004.00000 10.70838 2.99559 2.63674 3.56419 1.60520 1.62153 3.65196
2005.00000 14.45090 2.63836 1.61293 2.59509 1.59533 0.60395 2.62190
2006.00000 28.22227 4.11963 2.27597 2.95604 1.38033 1.40297 3.14897
2007.00000 14.84202 37.58508 3.71702 3.40085 1.93837 2.49109 4.94296
2008.00000 71.55553 93.19056 3.41798 3.65388 2.27730 1.97769 4.85827
2009.00000 45.13769 5.07135 2.49553 3.27559 1.75668 1.38451 3.60655
2010.00000 10.04557 10.58403 3.84097 3.04390 2.59309 2.20095 5.48098
2011.00000 40.08518 33.99005 2.43062 2.77588 2.01292 1.15753 3.70370
2013.00000 58.85545 282.09938 1.98149 2.04600 1.08349 1.29623 2.66675
