$Yr
1992 1993 1994 1995 1996 1997 1998 1999 2000 2001 2002 2003 2004 2005 2006 2007 2008 2009 2010 2011 2012 
$TotF
 0.0108125 0.0716568 0.139802 0.176708 0.136044 0.0783226 0.0687668 0.0883268 0.0883268 0.0883268 0.0883268 0.0883268
 0.0115116 0.0762902 0.148842 0.188134 0.14484 0.083387 0.0732133 0.0940382 0.0940382 0.0940382 0.0940382 0.0940382
 0.00945939 0.0626895 0.122307 0.154594 0.119019 0.0685212 0.0601612 0.0772735 0.0772735 0.0772735 0.0772735 0.0772735
 0.00906755 0.0600927 0.11724 0.14819 0.114089 0.0656828 0.0576691 0.0740725 0.0740725 0.0740725 0.0740725 0.0740725
 0.00659393 0.0436995 0.0852574 0.107764 0.0829654 0.0477646 0.041937 0.0538656 0.0538656 0.0538656 0.0538656 0.0538656
 0.00918483 0.06087 0.118757 0.150107 0.115564 0.0665323 0.058415 0.0750306 0.0750306 0.0750306 0.0750306 0.0750306
 0.0325982 0.143081 0.181935 0.163253 0.139738 0.104071 0.099502 0.100202 0.100202 0.100202 0.100202 0.100202
 0.0204044 0.0895599 0.11388 0.102186 0.0874673 0.0651418 0.0622821 0.06272 0.06272 0.06272 0.06272 0.06272
 0.0213163 0.0935622 0.118969 0.106753 0.0913761 0.0680529 0.0650653 0.0655228 0.0655228 0.0655228 0.0655228 0.0655228
 0.0213304 0.0936242 0.119048 0.106823 0.0914367 0.068098 0.0651085 0.0655663 0.0655663 0.0655663 0.0655663 0.0655663
 0.0210851 0.0925477 0.117679 0.105595 0.0903853 0.067315 0.0643598 0.0648123 0.0648123 0.0648123 0.0648123 0.0648123
 0.0180683 0.0793058 0.100841 0.0904864 0.0774529 0.0576835 0.0551512 0.0555389 0.0555389 0.0555389 0.0555389 0.0555389
 0.0199576 0.0875988 0.111386 0.0999484 0.085552 0.0637154 0.0609183 0.0613466 0.0613466 0.0613466 0.0613466 0.0613466
 0.020852 0.0915243 0.116378 0.104427 0.0893858 0.0665706 0.0636482 0.0640957 0.0640957 0.0640957 0.0640957 0.0640957
 0.0237066 0.104054 0.13231 0.118723 0.101623 0.0756841 0.0723615 0.0728703 0.0728703 0.0728703 0.0728703 0.0728703
 0.0234557 0.102953 0.13091 0.117467 0.100547 0.0748832 0.0715958 0.0720992 0.0720992 0.0720992 0.0720992 0.0720992
 0.0250646 0.110015 0.139889 0.125524 0.107444 0.0800196 0.0765067 0.0770447 0.0770447 0.0770447 0.0770447 0.0770447
 0.0296505 0.130143 0.165483 0.148491 0.127102 0.0946602 0.0905045 0.0911409 0.0911409 0.0911409 0.0911409 0.0911409
 0.0312465 0.137148 0.174391 0.156484 0.133944 0.0997555 0.0953762 0.0960468 0.0960468 0.0960468 0.0960468 0.0960468
 0.0210411 0.0923544 0.117433 0.105375 0.0901965 0.0671744 0.0642254 0.064677 0.064677 0.064677 0.064677 0.064677
 0.0190826 0.0837583 0.106503 0.0955665 0.0818013 0.060922 0.0582475 0.058657 0.058657 0.058657 0.058657 0.058657
$natmort
 0.9 0.6 0.4 0.3 0.2 0.15 0.15 0.15 0.15 0.15 0.15 0.15
$TotBiom_NoFish
1992 508009 82432.2 367997 701291
1993 526243 83571.1 383801 721550
1994 546776 84482.5 402156 743403
1995 587040 87973.3 435736 790882
1996 748763 106207 564618 992966
1997 711226 99977 537659 940824
1998 706491 98495.9 535296 932437
1999 733969 101479 557383 966499
2000 740149 101976 562612 973709
2001 769064 105890 584696 1.01157e+006
2002 753925 103604 573489 991131
2003 772979 107267 586417 1.01889e+006
2004 781721 109835 591028 1.03394e+006
2005 758101 107380 571883 1.00495e+006
2006 730758 104156 550293 970405
2007 727310 105240 545365 969955
2008 714702 106879 530824 962275
2009 685298 105893 504029 931760
2010 670333 109317 484809 926852
2011 747355 144589 509359 1.09655e+006
2012 1.05267e+006 282473 621231 1.78373e+006
$SSB_NoFishR
1992 0.995793 0.000892218 0.99401 0.997579
1993 0.897313 0.0188421 0.860413 0.935796
1994 0.803004 0.0330861 0.739511 0.871949
1995 0.738168 0.0418288 0.659137 0.826675
1996 0.689493 0.0478768 0.600192 0.792082
1997 0.669355 0.0494674 0.577501 0.775819
1998 0.656861 0.0494263 0.565207 0.763378
1999 0.615912 0.0537943 0.517367 0.733226
2000 0.586602 0.0569932 0.483227 0.712092
2001 0.558831 0.060103 0.450953 0.692516
2002 0.538905 0.0624232 0.427795 0.678873
2003 0.524527 0.0644219 0.410665 0.669959
2004 0.515774 0.0659395 0.39982 0.665358
2005 0.506604 0.0676606 0.388307 0.660941
2006 0.502344 0.0691489 0.381943 0.6607
2007 0.489084 0.0721502 0.364701 0.655887
2008 0.470796 0.0757864 0.341905 0.648277
2009 0.450705 0.0799344 0.316983 0.64084
2010 0.431509 0.0848511 0.292287 0.637045
2011 0.414546 0.0904866 0.269265 0.638213
2012 0.41375 0.0947355 0.263265 0.650252
$TotBiom
1992 508009 82432.2 367997 701291
1993 486184 83382.4 345870 683422
1994 463266 84127.7 323128 664180
1995 470718 87562.6 325506 680711
1996 605673 105797 428207 856687
1997 553270 99549.1 387165 790638
1998 521385 98099.8 359046 757123
1999 499446 101058 334579 745553
2000 483155 101540 318795 732252
2001 487420 105438 317801 747568
2002 454376 103171 290178 711484
2003 465235 106936 295521 732414
2004 472782 109606 299174 747134
2005 444972 107203 276704 715565
2006 408819 104066 247680 674795
2007 391658 105353 230851 664480
2008 382058 107097 220414 662246
2009 357239 106189 199626 639296
2010 342225 109729 183062 639773
2011 419669 145042 214358 821626
2012 734044 282858 348766 1.54494e+006
$SSB_fut_1
2013 117694 47103.2 54445.1 254419
2014 165518 64540.4 77995.5 351255
2015 203826 80313 95342.2 435749
2016 192929 76329.5 89984.6 413644
2017 177297 70446.1 82442.3 381289
2018 160329 63987.1 74316.8 345890
2019 140103 56009.7 64862.7 302621
2020 124266 49830.6 57404.8 269002
2021 111802 44991.1 51516.4 242636
2022 104713 42382.3 48049.7 228199
$SSB_fut_2
2013 117566 47055.3 54383.2 254155
2014 160578 62617.4 75664.9 340784
2015 193912 75768.3 91242.7 412109
2016 183841 71188 87051.9 388244
2017 170862 65554.4 81426.8 358527
2018 157806 60033.9 75646 329199
2019 142467 53716.2 68713.2 295385
2020 130780 49057.3 63297.3 270208
2021 121891 45599.6 59103.2 251380
2022 117256 43810.7 56904.3 241616
$SSB_fut_3
2013 117485 47025.2 54343.8 253989
2014 157532 61438.2 74221.9 334353
2015 186310 72756.1 87701.3 395793
2016 173353 67075.4 82130 365900
2017 158528 60782 75583.9 332494
2018 144478 54952 69267.4 301352
2019 128902 48640.3 62136.8 267406
2020 117006 43991.9 56541.5 242129
2021 107914 40542.9 52174.9 223200
2022 102755 38631.6 49657.2 212630
$SSB_fut_4
2013 117351 46973 54280.6 253705
2014 152618 59481.9 71940.6 323771
2015 174395 67952 82220.5 369903
2016 157336 60696.2 74696.3 331402
2017 140107 53546.3 66949.5 293204
2018 124928 47381.4 60011.6 260067
2019 109325 41185.2 52759.2 226539
2020 97433.4 36646.4 47071.8 201676
2021 88337.7 33297.1 42614.8 183118
2022 82719.5 31299.1 39800.2 171922
$SSB_fut_5
2013 118010 47223.8 54596.1 255080
2014 178387 69619.5 84007.7 378799
2015 241658 94976.1 113243 515692
2016 254159 99234.6 119654 539863
2017 258315 100028 122315 545529
2018 256714 98494.6 122340 538680
2019 247478 93843 118896 515115
2020 242059 90914.8 117055 500556
2021 239786 89312.2 116615 493055
2022 245262 90788.8 119776 502217
$Catch_fut_1
2013 31274.4
2014 33439.6
2015 28963.6
2016 23113.1
2017 18170
2018 15904.9
2019 13875.6
2020 12307.1
2021 11072.7
2022 10370.7
$Catch_fut_2
2013 43794.9
2014 46558.4
2015 40936.2
2016 33943.3
2017 28279
2018 25825
2019 23668.5
2020 22035.2
2021 20783
2022 20116.9
$Catch_fut_3
2013 51344.4
2014 53497
2015 46137.2
2016 37672
2017 31033.6
2018 28054.1
2019 25485.9
2020 23538
2021 22042
2022 21184.8
$Catch_fut_4
2013 63559.3
2014 64060
2015 53522.2
2016 42622.8
2017 34481.2
2018 30664.9
2019 27466.1
2020 25039.7
2021 23173.7
2022 22010.1
$Catch_fut_5
2013 0
2014 0
2015 0
2016 0
2017 0
2018 0
2019 0
2020 0
2021 0
2022 0
$SSB
1981 252796 70652.2 146071 437498
1982 122387 34205.1 70717.9 211807
1983 121000 33354.6 70423.8 207897
1984 122675 31869.7 73583.1 204518
1985 127534 31134 78821.8 206352
1986 129518 30292.9 81634.8 205487
1987 131410 29713.9 84075.1 205393
1988 132388 29227.3 85579.1 204800
1989 132923 28697.2 86737.9 203700
1990 133844 28241.6 88169.2 203181
1991 136116 27828.8 90811.3 204021
1992 147385 28500.2 100469 216210
1993 154778 30801.7 104359 229555
1994 156442 32551.5 103642 236142
1995 155796 33737 101535 239053
1996 152686 34243.8 98034.9 237803
1997 154864 34749.8 99412 241248
1998 169302 37234.5 109619 261481
1999 178150 40525.8 113680 279182
2000 176590 41499.1 111066 280769
2001 173409 42271.9 107247 280388
2002 170697 42861.4 104100 279898
2003 165795 42779.1 99783.1 275478
2004 161342 42519.5 96088.8 270907
2005 157152 42451.2 92428.8 267197
2006 158639 43746.6 92312.3 272620
2007 157408 45225.1 89619.7 276471
2008 145622 44066 80561 263228
2009 132407 42524 70756.9 247771
2010 121994 41951.7 62510.5 238081
2011 113393 42017.6 55338.9 232352
2012 109742 42585.6 51887.3 232104
2013 118010 47223.8 54596.1 255080
$R
1992 3854.72 625.426 2792.41 5321.16
1993 2734.56 476.323 1935.17 3864.16
1994 2693.15 478.162 1893.39 3830.73
1995 3584.64 615.025 2549.76 5039.55
1996 9341.67 1392.98 6944.11 12567
1997 3082.61 526.594 2195.87 4327.45
1998 1914.23 358.148 1320.92 2774.02
1999 2867.05 503.87 2022.76 4063.75
2000 2568.34 473.139 1782.27 3701.1
2001 3040.11 564.96 2103.01 4394.76
2002 1661.38 350.42 1094.6 2521.64
2003 3251.87 637.13 2205.74 4794.17
2004 3462.8 691.446 2331.75 5142.49
2005 2045.24 445.892 1329.15 3147.13
2006 976.39 247.615 592.612 1608.71
2007 1460.65 368.332 888.954 2400
2008 2297.12 602.696 1371.11 3848.51
2009 1842.47 549.504 1027.66 3303.33
2010 2094.8 721.033 1072.75 4090.57
2011 6190.41 2336.6 2983.46 12844.5
2012 17652.9 7707.7 7655.74 40704.8
$N
1992  3854.72 2061.74 1043.75 311.343 147.473 130.759 102.644 82.3328 92.1039 61.8385 111.768 296.745
1993  2734.56 1550.36 1053.27 608.366 193.289 105.383 104.067 82.475 64.8737 72.5729 48.7253 321.886
1994  2693.15 1099.06 788.356 608.386 373.397 136.913 83.4472 83.2477 64.6157 50.8258 56.8578 290.358
1995  3584.64 1084.64 566.527 467.614 386.146 271.408 110.038 67.6301 66.3237 51.4795 40.4931 276.628
1996  9341.67 1444.25 560.548 337.743 298.704 282.062 218.753 89.4034 54.0539 53.0097 41.1453 253.461
1997  3082.61 3773.08 758.73 345.039 224.645 225.087 231.449 180.549 72.9149 44.0848 43.2332 240.273
1998  1914.23 1241.84 1948.43 451.642 219.983 163.851 181.264 187.907 144.167 58.2219 35.2014 226.377
1999  2867.05 753.306 590.676 1088.81 284.188 156.618 127.089 141.239 146.312 112.255 45.3341 203.677
2000  2568.34 1142.11 378.006 353.325 728.258 213.187 126.301 102.781 114.175 118.276 90.7449 201.296
2001  3040.11 1022.19 570.82 224.964 235.247 544.18 171.42 101.861 82.854 92.0388 95.345 235.42
2002  1661.38 1209.93 510.849 339.687 149.773 175.774 437.546 138.242 82.1083 66.7874 74.1911 266.625
2003  3251.87 661.375 605.327 304.416 226.429 112.026 141.441 353.125 111.519 66.2361 53.8769 274.934
2004  3462.8 1298.44 335.297 366.841 206.007 171.568 91.0173 115.207 287.517 90.7998 53.93 267.72
2005  2045.24 1380.05 652.832 201.065 245.913 154.835 138.554 73.7095 93.2594 232.743 73.5018 260.374
2006  976.39 814.372 691.147 389.53 134.183 184.121 124.684 111.901 59.5036 75.2857 187.887 269.528
2007  1460.65 387.67 402.769 405.874 256.267 99.2438 146.923 99.8256 89.5453 47.6159 60.245 366.032
2008  2297.12 580.087 191.944 236.856 267.354 189.743 79.257 117.721 79.9439 71.7111 38.1325 341.378
2009  1842.47 910.82 285.192 111.867 154.768 196.592 150.754 63.1927 93.8098 63.7061 57.1455 302.426
2010  2094.8 727.207 438.87 162.014 71.4375 111.59 153.926 118.528 49.6525 73.7093 50.0559 282.527
2011  6190.41 825.48 347.951 247.104 102.637 51.156 86.9273 120.433 92.6751 38.8226 57.6322 260.042
2012  17652.9 2464.43 413.067 207.396 164.751 76.7843 41.1698 70.1648 97.1657 74.7705 31.3221 256.3

$F_age_1
1992  0.0108125 0.0716568 0.139802 0.176708 0.136044 0.0783226 0.0687668 0.0883268 0.0883268 0.0883268 0.0883268 0.0883268 
1993  0.0115116 0.0762902 0.148842 0.188134 0.14484 0.083387 0.0732133 0.0940382 0.0940382 0.0940382 0.0940382 0.0940382 
1994  0.00945939 0.0626895 0.122307 0.154594 0.119019 0.0685212 0.0601612 0.0772735 0.0772735 0.0772735 0.0772735 0.0772735 
1995  0.00906755 0.0600927 0.11724 0.14819 0.114089 0.0656828 0.0576691 0.0740725 0.0740725 0.0740725 0.0740725 0.0740725 
1996  0.00659393 0.0436995 0.0852574 0.107764 0.0829654 0.0477646 0.041937 0.0538656 0.0538656 0.0538656 0.0538656 0.0538656 
1997  0.00918483 0.06087 0.118757 0.150107 0.115564 0.0665323 0.058415 0.0750306 0.0750306 0.0750306 0.0750306 0.0750306 
1998  0.0325982 0.143081 0.181935 0.163253 0.139738 0.104071 0.099502 0.100202 0.100202 0.100202 0.100202 0.100202 
1999  0.0204044 0.0895599 0.11388 0.102186 0.0874673 0.0651418 0.0622821 0.06272 0.06272 0.06272 0.06272 0.06272 
2000  0.0213163 0.0935622 0.118969 0.106753 0.0913761 0.0680529 0.0650653 0.0655228 0.0655228 0.0655228 0.0655228 0.0655228 
2001  0.0213304 0.0936242 0.119048 0.106823 0.0914367 0.068098 0.0651085 0.0655663 0.0655663 0.0655663 0.0655663 0.0655663 
2002  0.0210851 0.0925477 0.117679 0.105595 0.0903853 0.067315 0.0643598 0.0648123 0.0648123 0.0648123 0.0648123 0.0648123 
2003  0.0180683 0.0793058 0.100841 0.0904864 0.0774529 0.0576835 0.0551512 0.0555389 0.0555389 0.0555389 0.0555389 0.0555389 
2004  0.0199576 0.0875988 0.111386 0.0999484 0.085552 0.0637154 0.0609183 0.0613466 0.0613466 0.0613466 0.0613466 0.0613466 
2005  0.020852 0.0915243 0.116378 0.104427 0.0893858 0.0665706 0.0636482 0.0640957 0.0640957 0.0640957 0.0640957 0.0640957 
2006  0.0237066 0.104054 0.13231 0.118723 0.101623 0.0756841 0.0723615 0.0728703 0.0728703 0.0728703 0.0728703 0.0728703 
2007  0.0234557 0.102953 0.13091 0.117467 0.100547 0.0748832 0.0715958 0.0720992 0.0720992 0.0720992 0.0720992 0.0720992 
2008  0.0250646 0.110015 0.139889 0.125524 0.107444 0.0800196 0.0765067 0.0770447 0.0770447 0.0770447 0.0770447 0.0770447 
2009  0.0296505 0.130143 0.165483 0.148491 0.127102 0.0946602 0.0905045 0.0911409 0.0911409 0.0911409 0.0911409 0.0911409 
2010  0.0312465 0.137148 0.174391 0.156484 0.133944 0.0997555 0.0953762 0.0960468 0.0960468 0.0960468 0.0960468 0.0960468 
2011  0.0210411 0.0923544 0.117433 0.105375 0.0901965 0.0671744 0.0642254 0.064677 0.064677 0.064677 0.064677 0.064677 
2012  0.0190826 0.0837583 0.106503 0.0955665 0.0818013 0.060922 0.0582475 0.058657 0.058657 0.058657 0.058657 0.058657 


$Fshry_names
south_horse_mackerel

$Index_names
Bottom_Trawl

$Obs_Index_1
1992 26002.3 12955.5 7800.68
1993 31471.5 14150.9 9441.44
1994 14596.5 15949.8 4378.96
1995 18636.2 14589 5590.88
1996 8486.32 16385.1 2545.9
1997 22739.2 16467.4 6821.77
1998 7242.54 16763.7 2172.76
1999 10132.8 19092 3039.84
2000 7730.89 16003.7 2319.27
2001 8493.87 14755.8 2548.16
2002 8920.29 10576.7 2676.09
2003 4360.41 10304.2 1308.12
2004 16311.7 12131.7 4893.51
2005 68657.3 17395.6 20597.2
2006 20167 16190.6 6050.09
2007 9847.1 15306.5 2954.13
2008 12141.7 11267.6 3642.52
2009 18097.4 10317.2 5429.23
2010 21463.9 10217.4 6439.17
2011 6799.21 11266.5 2039.76
2012 -1  13365.4 -1 


$Index_Q
 0.0723513

$pobs_fsh_1
1992  0.0320348 0.260971 0.399555 0.111687 0.0333688 0.0249551 0.0137566 0.0188202 0.0141329 0.0130544 0.0383099 0.039354
1993  0.0156674 0.160085 0.331454 0.243024 0.0856327 0.032319 0.0312816 0.0253739 0.01595 0.0134227 0.0108728 0.0349167
1994  0.0383517 0.190747 0.2616 0.290366 0.0867635 0.0230101 0.0132687 0.0103567 0.0157128 0.014584 0.0182421 0.0369969
1995  0.0311352 0.238501 0.134647 0.224073 0.121441 0.0474138 0.0172409 0.0135205 0.0117137 0.0144376 0.0108938 0.134983
1996  0.33531 0.0664245 0.0674997 0.1354 0.163376 0.0474712 0.0318241 0.0216675 0.020048 0.0264954 0.0159172 0.0685658
1997  0.0100543 0.587238 0.223121 0.0521676 0.0341378 0.0256232 0.0154704 0.0142559 0.00782947 0.00768899 0.00482162 0.017591
1998  0.037852 0.158482 0.529739 0.113039 0.031002 0.018693 0.0160415 0.0340705 0.0210757 0.011043 0.0102599 0.0187025
1999  0.189019 0.109019 0.0959771 0.244067 0.157189 0.0574476 0.0506408 0.0276429 0.0152777 0.0175282 0.00905504 0.0271372
2000  0.0481851 0.286979 0.0926478 0.163751 0.14152 0.0733539 0.0678865 0.0476819 0.0311429 0.0205666 0.0122906 0.013994
2001  0.32197 0.235524 0.0951692 0.0733813 0.072217 0.0511279 0.0468574 0.0455559 0.0298198 0.0100758 0.00615797 0.0121436
2002  0.062154 0.318119 0.284343 0.0892406 0.0443515 0.0384035 0.0345835 0.0421252 0.0342256 0.0253571 0.0121564 0.01494
2003  0.201966 0.0344551 0.185424 0.144081 0.110642 0.0645255 0.0744178 0.0685211 0.0536334 0.0327529 0.017813 0.0117687
2004  0.025021 0.446756 0.204549 0.0642759 0.0293413 0.0478683 0.0417026 0.0524215 0.0371438 0.0136571 0.0185247 0.0187391
2005  0.0738981 0.380022 0.172997 0.08541 0.0628648 0.0398554 0.0393092 0.0278752 0.0320852 0.0261785 0.0193482 0.0401566
2006  0.011522 0.320364 0.321517 0.0784454 0.0233206 0.0456032 0.0411586 0.0208654 0.0252755 0.0279321 0.0309669 0.0530295
2007  0.0166053 0.0945054 0.159245 0.255307 0.118188 0.0471235 0.0256661 0.0205086 0.0343915 0.0273307 0.0284529 0.172676
2008  0.207738 0.232589 0.137194 0.120477 0.0713492 0.0308902 0.0205319 0.0157161 0.0196631 0.017068 0.0194793 0.107303
2009  0.102013 0.385241 0.146203 0.0382563 0.0440818 0.0323012 0.0148355 0.0129014 0.0125879 0.0161443 0.0191036 0.176331
2010  0.268205 0.337591 0.112201 0.0578979 0.0396419 0.0250485 0.012732 0.0130443 0.00811441 0.00883863 0.00985028 0.106835
2011  0.401319 0.108693 0.0979667 0.0890726 0.0702368 0.0336028 0.0199423 0.0163907 0.0134651 0.0245075 0.0216542 0.103149
2012  0.478314 0.282534 0.0712885 0.0331153 0.0344997 0.0182436 0.0126212 0.0103703 0.00647613 0.00763151 0.010371 0.0345343

$phat_fsh_1
1992  0.0730112 0.287157 0.300952 0.116796 0.0454783 0.024438 0.0169205 0.0172697 0.0193192 0.0129709 0.0234439 0.0622436
1993  0.0509441 0.212012 0.297571 0.223361 0.0584032 0.0193306 0.0168424 0.0169739 0.0133514 0.014936 0.010028 0.0662463
1994  0.0545794 0.164347 0.245023 0.246557 0.124131 0.0274922 0.0147713 0.018772 0.0145706 0.011461 0.0128212 0.0654747
1995  0.0791629 0.176914 0.192285 0.207085 0.140187 0.0594588 0.0212474 0.0166412 0.0163197 0.0126671 0.00996379 0.0680675
1996  0.183367 0.210697 0.171423 0.135321 0.0977204 0.0553424 0.0377905 0.0197239 0.0119252 0.0116948 0.00907736 0.0559179
1997  0.0482217 0.435803 0.182298 0.108146 0.0577324 0.0349168 0.031647 0.0314564 0.0127037 0.00768071 0.00753234 0.0418618
1998  0.0666769 0.20602 0.44159 0.0969641 0.0428244 0.0247427 0.026228 0.0273711 0.0209999 0.0084808 0.00512755 0.0329749
1999  0.125065 0.159417 0.172025 0.299605 0.0706544 0.0300219 0.0233241 0.0260977 0.0270352 0.0207422 0.00837672 0.0376348
2000  0.121658 0.262097 0.119314 0.105391 0.196322 0.0443307 0.0251467 0.0206031 0.0228871 0.0237093 0.0181904 0.040351
2001  0.150268 0.244771 0.188003 0.0700195 0.0661735 0.118077 0.0356135 0.0213062 0.0173306 0.0192518 0.0199434 0.0492429
2002  0.0865623 0.305516 0.177446 0.111499 0.044427 0.0402141 0.0958451 0.0304885 0.0181085 0.0147295 0.0163624 0.0588024
2003  0.175791 0.174068 0.219564 0.104273 0.0700279 0.0266816 0.0322479 0.0810617 0.0255998 0.0152049 0.0123677 0.0631124
2004  0.172364 0.313761 0.111533 0.115283 0.0584853 0.0375462 0.0190697 0.0243025 0.0606508 0.0191539 0.0113764 0.0564746
2005  0.101618 0.332423 0.216351 0.0629635 0.069587 0.0337889 0.0289495 0.0155058 0.0196184 0.0489606 0.0154621 0.0547731
2006  0.0574581 0.231333 0.269647 0.143691 0.0447654 0.0474384 0.0307636 0.0277968 0.014781 0.0187014 0.0466721 0.0669522
2007  0.105428 0.135122 0.192839 0.183725 0.104905 0.0313713 0.0444744 0.0304229 0.0272898 0.0145114 0.0183603 0.111552
2008  0.173366 0.210896 0.0957642 0.111764 0.11414 0.0626023 0.0250437 0.0374493 0.0254318 0.0228127 0.0121307 0.108599
2009  0.136008 0.321651 0.13783 0.0511826 0.0641528 0.0631195 0.0463699 0.0195679 0.0290486 0.0197269 0.0176953 0.0936476
2010  0.156786 0.259757 0.214332 0.0749308 0.0299468 0.0362623 0.0479245 0.0371509 0.0155629 0.0231032 0.0156893 0.0885542
2011  0.350658 0.226629 0.131413 0.0881888 0.033102 0.0127247 0.0207028 0.028878 0.022222 0.00930904 0.0138193 0.0623539
2012  0.471885 0.320238 0.0739276 0.0350603 0.0251542 0.00903291 0.00463658 0.00795601 0.0110177 0.00847825 0.00355163 0.0290619

$pobs_ind_1
1992  0 0.634862 0.203607 0.0712473 0.0325135 0.0129232 0.00882994 0.00931255 0.00491545 0.0041826 0.00841883 0.00918743
1993  0 0.339642 0.343994 0.212265 0.0498198 0.00651065 0.00470907 0.00649281 0.00595769 0.00861546 0.00519068 0.0168028
1994  0 0.049331 0.342024 0.311698 0.129743 0.0320412 0.0144768 0.0103602 0.00617496 0.00617496 0.00823328 0.0897427
1995  0 0.253351 0.362895 0.219939 0.0979567 0.0186179 0.00386264 0.00451929 0.0018927 0.000927035 0.00181544 0.034223
1996  0 0.104213 0.169576 0.274052 0.275364 0.0522378 0.0225751 0.0103688 0.0082688 0.0173251 0.00380627 0.0622129
1997  0 0.210123 0.347026 0.103525 0.168444 0.0976971 0.0201681 0.0175544 0.00854761 0.0104196 0.00416784 0.0123269
1998  0 0.21844 0.613977 0.0889172 0.032967 0.0182927 0.0101849 0.0117931 0.00268025 0.00087108 0.000469043 0.00140713
1999  0 0.176289 0.331404 0.390563 0.0327518 0.0112609 0.00658208 0.00245837 0.00269627 0.00785091 0.00919905 0.0289453
2000  0 0.177138 0.238248 0.267714 0.130245 0.0726898 0.0389819 0.0230452 0.0215547 0.0147902 0.00355423 0.0120385
2001  0 0.0361538 0.0673077 0.0528846 0.0730769 0.105385 0.129231 0.221538 0.146538 0.0703846 0.0467308 0.0507692
2002  0 0.0346752 0.116204 0.191306 0.152233 0.0783153 0.0296008 0.0267253 0.0669824 0.0593708 0.0771313 0.167456
2003  0 0.143368 0.143744 0.278269 0.247601 0.0709313 0.0387582 0.0250235 0.0158043 0.014111 0.00978363 0.0126058
2004  0 0.139866 0.497581 0.219168 0.0490412 0.0246745 0.0109518 0.0227833 0.0280612 0.00475018 0.00211119 0.00101161
2005  0 0.761944 0.122516 0.0418625 0.0206652 0.00899572 0.0105153 0.0106948 0.00826478 0.00434718 0.00261601 0.00757872
2006  0 0.211829 0.563425 0.140484 0.00841797 0.0269927 0.0194855 0.0160079 0.00654118 0.00364319 0.00179399 0.00138
2007  0 0.00666482 0.216051 0.34981 0.262797 0.0662779 0.0248079 0.016662 0.00601685 0.00657225 0.0142553 0.0300842
2008  0 0.16927 0.260819 0.150367 0.193095 0.133729 0.018669 0.00640525 0.00960787 0.0137479 0.00968599 0.034604
2009  0 0.266862 0.396541 0.145488 0.117803 0.0326205 0.00886731 0.00505557 0.00377162 0.00232717 0.0022068 0.0184568
2010  0 0.16418 0.17447 0.175756 0.244598 0.0768677 0.0247479 0.0328771 0.0211978 0.0203231 0.00807779 0.0569047
2011  0 0.393742 0.260323 0.188322 0.079679 0.0191927 0.00604862 0.00802606 0.00523438 0.00988717 0.0117483 0.0177969

$phat_ind_1
1992  0.0253556 0.291009 0.404117 0.120046 0.0477376 0.0243294 0.0125756 0.00955493 0.0106889 0.00717651 0.012971 0.034438
1993  0.0173537 0.210461 0.390842 0.224393 0.0599783 0.0188517 0.0122643 0.00919761 0.00723472 0.00809333 0.00543385 0.0358968
1994  0.0187748 0.165404 0.327652 0.252731 0.1297 0.0271795 0.0108977 0.010318 0.00800865 0.0062995 0.00704711 0.0359879
1995  0.0282231 0.184677 0.266909 0.220434 0.152028 0.0609684 0.0162567 0.00948794 0.00930466 0.00722214 0.00568084 0.0388086
1996  0.0704807 0.238254 0.259052 0.157222 0.115279 0.0614643 0.031296 0.012189 0.00736957 0.00722721 0.00560966 0.0345563
1997  0.0168502 0.44578 0.2479 0.112763 0.061338 0.0350839 0.0237278 0.0175738 0.00709718 0.004291 0.00420811 0.023387
1998  0.00966014 0.129294 0.569514 0.137381 0.0554198 0.0233159 0.0169177 0.0168621 0.0129371 0.00522464 0.00315885 0.0203143
1999  0.018352 0.10279 0.228893 0.436664 0.0937387 0.0288733 0.0153461 0.0164012 0.0169904 0.0130355 0.00526437 0.0236517
2000  0.0224459 0.0933565 0.157668 0.23658 0.257197 0.0603947 0.0378355 0.0220421 0.0244856 0.0253652 0.0194608 0.0431692
2001  0.0289518 0.0910438 0.259431 0.164134 0.0905296 0.167985 0.0559557 0.0238033 0.0193617 0.0215081 0.0222807 0.0550141
2002  0.0165694 0.11302 0.231522 0.265458 0.114041 0.0763054 0.0897875 0.0205391 0.0121991 0.00992279 0.0110228 0.0396132
2003  0.0326789 0.0627559 0.279472 0.242013 0.175091 0.0492597 0.0293896 0.0531271 0.0167779 0.00996513 0.00810569 0.0413633
2004  0.0356597 0.125615 0.15755 0.297072 0.162441 0.0770547 0.0193208 0.0177066 0.0441896 0.0139554 0.00828871 0.041147
2005  0.0633106 0.398325 0.24996 0.0594137 0.0569457 0.0251228 0.0192464 0.0128287 0.0162312 0.0405075 0.0127925 0.0453164
2006  0.0360141 0.277943 0.312075 0.135917 0.0367507 0.0354216 0.0205421 0.0230979 0.0122824 0.01554 0.0387825 0.0556343
2007  0.0708379 0.174084 0.239338 0.186355 0.0923457 0.0251147 0.0318399 0.0271039 0.0243126 0.0129283 0.0163573 0.0993823
2008  0.0357178 0.152807 0.144655 0.180665 0.191761 0.0865576 0.0229809 0.0335366 0.0227747 0.0204292 0.0108633 0.0972527
2009  0.0296187 0.245021 0.218543 0.0869431 0.113406 0.0919839 0.0448566 0.0184726 0.0274226 0.0186226 0.0167048 0.0884055
2010  0.0334915 0.193729 0.332542 0.124598 0.0518446 0.0517836 0.0454327 0.0343691 0.0143976 0.0213733 0.0145146 0.0819234
2011  0.0908358 0.207435 0.251101 0.180156 0.0702033 0.022177 0.0239419 0.0325924 0.0250804 0.0105064 0.0155968 0.0703741


$Obs_catch_1
 27858.3 31521.3 28450.5 25132.2 20359.9 29490.9 41661.1 27767.7 26160.5 24911.4 22506 18887.1 24485.4 22689.2 23894.7 22787.3 22993.1 25726.5 27216.8 21874.5 24868.2

$Pred_catch_1
 27931.2 31739.8 28609.4 25190 20359.5 29381.8 41850.5 27756.2 26118.6 24784.2 22431.6 18847 24409.1 22645.2 23894.7 22801.5 22921.3 25662 27191.5 21897.9 24871.1

$F_fsh_1 
1992 0.0936455 0.176708 
1993 0.0997008 0.188134 
1994 0.0819265 0.154594 
1995 0.0785328 0.14819 
1996 0.0571092 0.107764 
1997 0.0795486 0.150107 
1998 0.113766 0.181935 
1999 0.0712101 0.11388 
2000 0.0743924 0.118969 
2001 0.0744417 0.119048 
2002 0.0735857 0.117679 
2003 0.063057 0.100841 
2004 0.0696508 0.111386 
2005 0.072772 0.116378 
2006 0.0827345 0.13231 
2007 0.081859 0.13091 
2008 0.0874739 0.139889 
2009 0.103478 0.165483 
2010 0.109048 0.174391 
2011 0.0734321 0.117433 
2012 0.0665972 0.106503 

$sel_fsh_1
1  1992  0.115462 0.765192 1.49288 1.88698 1.45275 0.836373 0.734331 0.943204 0.943204 0.943204 0.943204 0.943204
1  1993  0.115462 0.765192 1.49288 1.88698 1.45275 0.836373 0.734331 0.943204 0.943204 0.943204 0.943204 0.943204
1  1994  0.115462 0.765192 1.49288 1.88698 1.45275 0.836373 0.734331 0.943204 0.943204 0.943204 0.943204 0.943204
1  1995  0.115462 0.765192 1.49288 1.88698 1.45275 0.836373 0.734331 0.943204 0.943204 0.943204 0.943204 0.943204
1  1996  0.115462 0.765192 1.49288 1.88698 1.45275 0.836373 0.734331 0.943204 0.943204 0.943204 0.943204 0.943204
1  1997  0.115462 0.765192 1.49288 1.88698 1.45275 0.836373 0.734331 0.943204 0.943204 0.943204 0.943204 0.943204
1  1998  0.286538 1.25768 1.59921 1.43499 1.2283 0.914783 0.874624 0.880773 0.880773 0.880773 0.880773 0.880773
1  1999  0.286538 1.25768 1.59921 1.43499 1.2283 0.914783 0.874624 0.880773 0.880773 0.880773 0.880773 0.880773
1  2000  0.286538 1.25768 1.59921 1.43499 1.2283 0.914783 0.874624 0.880773 0.880773 0.880773 0.880773 0.880773
1  2001  0.286538 1.25768 1.59921 1.43499 1.2283 0.914783 0.874624 0.880773 0.880773 0.880773 0.880773 0.880773
1  2002  0.286538 1.25768 1.59921 1.43499 1.2283 0.914783 0.874624 0.880773 0.880773 0.880773 0.880773 0.880773
1  2003  0.286538 1.25768 1.59921 1.43499 1.2283 0.914783 0.874624 0.880773 0.880773 0.880773 0.880773 0.880773
1  2004  0.286538 1.25768 1.59921 1.43499 1.2283 0.914783 0.874624 0.880773 0.880773 0.880773 0.880773 0.880773
1  2005  0.286538 1.25768 1.59921 1.43499 1.2283 0.914783 0.874624 0.880773 0.880773 0.880773 0.880773 0.880773
1  2006  0.286538 1.25768 1.59921 1.43499 1.2283 0.914783 0.874624 0.880773 0.880773 0.880773 0.880773 0.880773
1  2007  0.286538 1.25768 1.59921 1.43499 1.2283 0.914783 0.874624 0.880773 0.880773 0.880773 0.880773 0.880773
1  2008  0.286538 1.25768 1.59921 1.43499 1.2283 0.914783 0.874624 0.880773 0.880773 0.880773 0.880773 0.880773
1  2009  0.286538 1.25768 1.59921 1.43499 1.2283 0.914783 0.874624 0.880773 0.880773 0.880773 0.880773 0.880773
1  2010  0.286538 1.25768 1.59921 1.43499 1.2283 0.914783 0.874624 0.880773 0.880773 0.880773 0.880773 0.880773
1  2011  0.286538 1.25768 1.59921 1.43499 1.2283 0.914783 0.874624 0.880773 0.880773 0.880773 0.880773 0.880773
1  2012  0.286538 1.25768 1.59921 1.43499 1.2283 0.914783 0.874624 0.880773 0.880773 0.880773 0.880773 0.880773


$sel_ind_1
1  1992  0.0388906 0.690572 1.70652 1.61667 1.21422 0.640871 0.418817 0.402908 0.402908 0.402908 0.402908 0.402908
1  1993  0.0388906 0.690572 1.70652 1.61667 1.21422 0.640871 0.418817 0.402908 0.402908 0.402908 0.402908 0.402908
1  1994  0.0388906 0.690572 1.70652 1.61667 1.21422 0.640871 0.418817 0.402908 0.402908 0.402908 0.402908 0.402908
1  1995  0.0388906 0.690572 1.70652 1.61667 1.21422 0.640871 0.418817 0.402908 0.402908 0.402908 0.402908 0.402908
1  1996  0.0388906 0.690572 1.70652 1.61667 1.21422 0.640871 0.418817 0.402908 0.402908 0.402908 0.402908 0.402908
1  1997  0.0388906 0.690572 1.70652 1.61667 1.21422 0.640871 0.418817 0.402908 0.402908 0.402908 0.402908 0.402908
1  1998  0.0388906 0.690572 1.70652 1.61667 1.21422 0.640871 0.418817 0.402908 0.402908 0.402908 0.402908 0.402908
1  1999  0.0388906 0.690572 1.70652 1.61667 1.21422 0.640871 0.418817 0.402908 0.402908 0.402908 0.402908 0.402908
1  2000  0.0369372 0.288476 1.28201 1.88308 0.906519 0.686158 0.723853 0.518389 0.518389 0.518389 0.518389 0.518389
1  2001  0.0369372 0.288476 1.28201 1.88308 0.906519 0.686158 0.723853 0.518389 0.518389 0.518389 0.518389 0.518389
1  2002  0.0339618 0.265444 1.12139 1.76945 1.57375 0.846813 0.399358 0.289245 0.289245 0.289245 0.289245 0.289245
1  2003  0.0339618 0.265444 1.12139 1.76945 1.57375 0.846813 0.399358 0.289245 0.289245 0.289245 0.289245 0.289245
1  2004  0.0339618 0.265444 1.12139 1.76945 1.57375 0.846813 0.399358 0.289245 0.289245 0.289245 0.289245 0.289245
1  2005  0.20951 1.62917 1.88138 1.32882 0.950696 0.628822 0.537099 0.673186 0.673186 0.673186 0.673186 0.673186
1  2006  0.20951 1.62917 1.88138 1.32882 0.950696 0.628822 0.537099 0.673186 0.673186 0.673186 0.673186 0.673186
1  2007  0.20951 1.62917 1.88138 1.32882 0.950696 0.628822 0.537099 0.673186 0.673186 0.673186 0.673186 0.673186
1  2008  0.0443646 0.633939 1.58512 1.46545 1.25504 0.750767 0.475869 0.467746 0.467746 0.467746 0.467746 0.467746
1  2009  0.0443646 0.633939 1.58512 1.46545 1.25504 0.750767 0.475869 0.467746 0.467746 0.467746 0.467746 0.467746
1  2010  0.0443646 0.633939 1.58512 1.46545 1.25504 0.750767 0.475869 0.467746 0.467746 0.467746 0.467746 0.467746
1  2011  0.0443646 0.633939 1.58512 1.46545 1.25504 0.750767 0.475869 0.467746 0.467746 0.467746 0.467746 0.467746
1  2012  0.0443646 0.633939 1.58512 1.46545 1.25504 0.750767 0.475869 0.467746 0.467746 0.467746 0.467746 0.467746


$Stock_Rec
1981 252796 1233.27 655.553
1982 122387 1191.07 2608.23
1983 121000 1190.17 1242.06
1984 122675 1191.26 1592.27
1985 127534 1194.27 1225.09
1986 129518 1195.44 1314.57
1987 131410 1196.52 1441.38
1988 132388 1197.07 1330.95
1989 132923 1197.37 2081.61
1990 133844 1197.88 4677.78
1991 136116 1199.1 5071.07
1992 147385 1204.63 3854.72
1993 154778 1207.84 2734.56
1994 156442 1208.52 2693.15
1995 155796 1208.26 3584.64
1996 152686 1206.96 9341.67
1997 154864 1207.88 3082.61
1998 169302 1213.38 1914.23
1999 178150 1216.33 2867.05
2000 176590 1215.83 2568.34
2001 173409 1214.78 3040.11
2002 170697 1213.86 1661.38
2003 165795 1212.12 3251.87
2004 161342 1210.46 3462.8
2005 157152 1208.81 2045.24
2006 158639 1209.4 976.39
2007 157408 1208.91 1460.65
2008 145622 1203.81 2297.12
2009 132407 1197.08 1842.47
2010 121994 1190.82 2094.8
2011 113393 1184.84 6190.41
2012 109742 1182.04 17652.9

$stock_Rec_Curve
0 0
5216.36 478.382
10432.7 695.828
15649.1 820.083
20865.4 900.483
26081.8 956.763
31298.1 998.362
36514.5 1030.36
41730.9 1055.74
46947.2 1076.36
52163.6 1093.44
57379.9 1107.83
62596.3 1120.11
67812.6 1130.72
73029 1139.97
78245.4 1148.12
83461.7 1155.34
88678.1 1161.78
93894.4 1167.58
99110.8 1172.81
104327 1177.55
109544 1181.88
114760 1185.85
119976 1189.49
125193 1192.85
130409 1195.95
135625 1198.84
140842 1201.52
146058 1204.02
151274 1206.35
156491 1208.54


$Like_Comp
 0.0403744 198.342 3.09932 45.1418 49.1068 10.8754 24.5064 0.00038228 10.7567 0 0.17596 342.045


$Like_Comp_names
catch_like     
age_like_fsh     
sel_like_fsh     
index_like        
age_like_ind     
sel_like_ind     
rec_like         
fpen             
post_priors_indq 
post_priors      
residual         
total            
$Sel_Fshry_1
 2.07136 0.971089 0.0568769 0

$Index_1
45.1418


$Age_Index_1
49.10683

$Sel_Index_1
9.64524 1.21769 0.01250


  $Rec_Pen
1.60000   10.78703 0.00000 4.70004 9.01930

$F_Pen
0.00038  0.00000

$Q_Index_1
 10.75665 0.07235 1.00000 0.20000
$Q_power_Index_1
 10.75665 1.00000 1.00000 0.20000

$M_prior
 0.00000 0.15000 0.15000 0.05000

$Steep
 0.00000 0.80000 0.80000 300.00000

$Sigmar
 0.00000 1.60000 1.60000 15.00000

$Num_parameters_Est
122

$Steep_Prior
0.80000 300.00000 -6 

$sigmarPrior 
1.60000 15.00000 -4

$Rec_estimated_in_styr_endyr 
1981 2012 

$SR_Curve_fit__in_styr_endyr 
1993 2009 

$Model_styr_endyr
1992 2012 

$M_prior 
0.15000 0.05000 -4

$qprior 
 1.00000  0.20000  4
$q_power_prior 
 1.00000  0.20000  -4

$cv_catchbiomass 
0.05000 

$Projection_years
10

$Fsh_sel_opt_fish 
1 1  1.00000 0.00000 0.00000 0.00000 0.00000 0.00000 0.80000 0.00000 0.00000 0.00000 0.00000 0.00000 0.00000 0.00000 0.00000 0.00000 0.00000 0.00000 0.00000 0.00000 0.00000

$Index_Sel_Opt
1 1

$Phase_index_Sel_Coffs 
 2

$Fshry_Selages 
 8

$Index_Selages 
 8

$Phase_for_age_spec_fishery
 2

$Phase_for_logistic_fishery
 -1

$Phase_for_dble_logistic_fishery 
 -1

$Phase_for_age_spec_index  
 2

$Phase_for_logistic_index  
 -1

$Phase_for_dble_logistic_indy 
 -1

$EffN_Fsh_1
1992 121.44830 4221.82155 2.91422 2.95637 2.73891 2.36644 3.46200
1993 113.84126 1329.75252 3.16271 3.09760 2.37448 2.68782 3.63761
1994 213.83925 82.07809 3.04561 3.31623 2.45176 2.55525 3.53596
1995 75.01746 38.29568 3.91834 3.37770 3.34566 3.24920 4.58747
1996 27.30970 168.32139 3.15334 2.89843 3.30712 2.49192 3.81476
1997 55.22624 10.30984 2.02082 2.64699 2.01056 1.61871 2.42293
1998 141.78167 465804.32077 2.68561 2.68239 2.19657 2.24630 3.12493
1999 40.92491 2047.61239 3.11555 3.05835 2.58811 2.59792 3.63317
2000 44.48625 148.33057 3.34855 3.14119 2.52555 2.84344 3.85366
2001 28.82990 11.43688 2.31495 3.10176 2.66086 1.78278 2.84712
2002 60.66693 34.67269 2.81425 3.25006 2.56617 2.30102 3.32749
2003 29.79697 89.89811 3.56032 3.26001 2.84742 2.99084 4.12981
2004 25.59568 328.86432 2.83400 2.98146 2.67420 2.29916 3.36884
2005 153.32701 3945.24018 2.99146 3.03826 2.93987 2.40348 3.57943
2006 71.05578 176.18753 3.25963 3.48687 3.01629 2.65637 3.86289
2007 55.14019 12.21937 4.88992 3.88785 3.50284 4.18935 5.59049
2008 136.07239 71.61329 3.22750 3.64436 3.52767 2.52197 3.93304
2009 70.21444 143.90391 3.68625 3.35527 3.97048 2.89216 4.48035
2010 46.02216 31.28317 2.60535 3.22534 3.46770 1.91181 3.29888
2011 48.90859 41.68757 2.93466 2.36206 3.69705 2.19525 3.67407
2012 236.77071 201.63487 1.50607 1.32221 2.61083 0.98391 2.02824
$C_fsh_1
1992  27.35562 107.59108 112.75995 43.76065 17.03968 9.15635 6.33974 6.47055 7.23846 4.85989 8.78388 23.32125
1993  20.65495 85.95887 120.64805 90.56042 23.67917 7.83746 6.82864 6.88195 5.41325 6.05569 4.06578 26.85911
1994  16.73025 50.37727 75.10712 75.57728 38.04988 8.42720 4.52784 5.75421 4.46633 3.51316 3.93009 20.07000
1995  21.34944 47.71203 51.85746 55.84866 37.80715 16.03545 5.73023 4.48796 4.40126 3.41620 2.68713 18.35714
1996  40.50206 46.53861 37.86389 29.88960 21.58444 12.22401 8.34716 4.35661 2.63403 2.58315 2.00500 12.35113
1997  18.59601 168.06124 70.30054 41.70516 22.26367 13.46518 12.20421 12.13070 4.89898 2.96196 2.90474 16.14339
1998  40.57904 125.38221 268.74798 59.01156 26.06257 15.05822 15.96213 16.65785 12.78036 5.16135 3.12058 20.06825
1999  38.24017 48.74378 52.59892 91.60804 21.60347 9.17957 7.13162 7.97971 8.26636 6.34217 2.56129 11.50732
2000  35.77299 77.06805 35.08353 30.98966 57.72736 13.03520 7.39424 6.05824 6.72983 6.97158 5.34878 11.86500
2001  42.37177 69.01936 53.01215 19.74377 18.65929 33.29491 10.04213 6.00783 4.88680 5.42853 5.62353 13.88528
2002  22.89183 80.79513 46.92648 29.48640 11.74894 10.63483 25.34673 8.06283 4.78887 3.89530 4.32711 15.55059
2003  38.44501 38.06818 48.01784 22.80413 15.31487 5.83517 7.05250 17.72792 5.59859 3.32525 2.70478 13.80248
2004  45.18338 82.24919 29.23727 30.22016 15.33132 9.84234 4.99892 6.37066 15.89897 5.02100 2.98219 14.80424
2005  27.87200 91.17764 59.34115 17.26977 19.08648 9.26768 7.94033 4.25296 5.38097 13.42903 4.24097 15.02328
2006  15.10928 60.83185 70.90683 37.78515 11.77160 12.47449 8.08964 7.30949 3.88684 4.91774 12.27298 17.60587
2007  22.36615 28.66566 40.91016 38.97665 22.25527 6.65533 9.43512 6.45411 5.78945 3.07855 3.89507 23.66540
2008  37.56170 45.69303 20.74839 24.21495 24.72967 13.56349 5.42600 8.11382 5.51009 4.94264 2.62826 23.52927
2009  35.57043 84.12195 36.04709 13.38590 16.77801 16.50778 12.12723 5.11763 7.59714 5.15921 4.62790 24.49184
2010  42.58991 70.56150 58.22187 20.35448 8.13486 9.85042 13.01840 10.09182 4.22757 6.27583 4.26191 24.05520
2011  85.11967 55.01246 31.89957 21.40719 8.03527 3.08883 5.02545 7.00992 5.39424 2.25970 3.35453 15.13595
2012  220.32214 149.51854 34.51668 16.36958 11.74444 4.21745 2.16481 3.71465 5.14412 3.95848 1.65825 13.56896
$wt_a_pop
 23.00000 34.00000 65.00000 102.00000 131.00000 162.00000 184.00000 194.00000 213.00000 237.00000 281.00000 366.00000
$mature_a
 0.00000 0.00000 0.18000 0.41000 0.47500 0.48500 0.49500 0.50000 0.50000 0.50000 0.50000 0.50000
$wt_fsh_1
1992  30.00000 30.00000 40.00000 70.00000 100.00000 130.00000 150.00000 170.00000 190.00000 200.00000 230.00000 300.00000
1993  20.00000 30.00000 40.00000 70.00000 90.00000 130.00000 170.00000 210.00000 240.00000 240.00000 250.00000 300.00000
1994  40.00000 40.00000 60.00000 70.00000 90.00000 130.00000 160.00000 190.00000 230.00000 250.00000 270.00000 340.00000
1995  40.00000 30.00000 60.00000 80.00000 100.00000 120.00000 160.00000 170.00000 200.00000 220.00000 230.00000 310.00000
1996  20.00000 50.00000 70.00000 90.00000 110.00000 140.00000 170.00000 190.00000 220.00000 240.00000 260.00000 310.00000
1997  30.00000 30.00000 50.00000 70.00000 110.00000 140.00000 170.00000 200.00000 240.00000 260.00000 260.00000 360.00000
1998  30.00000 30.00000 40.00000 70.00000 100.00000 130.00000 170.00000 210.00000 170.00000 240.00000 250.00000 350.00000
1999  20.00000 40.00000 60.00000 80.00000 110.00000 140.00000 160.00000 190.00000 220.00000 250.00000 270.00000 360.00000
2000  20.00000 30.00000 50.00000 90.00000 110.00000 130.00000 160.00000 190.00000 220.00000 240.00000 250.00000 310.00000
2001  20.00000 30.00000 70.00000 80.00000 90.00000 130.00000 160.00000 180.00000 200.00000 230.00000 240.00000 310.00000
2002  30.00000 30.00000 40.00000 70.00000 100.00000 120.00000 150.00000 170.00000 200.00000 230.00000 250.00000 310.00000
2003  20.00000 30.00000 50.00000 60.00000 90.00000 120.00000 150.00000 180.00000 200.00000 230.00000 250.00000 310.00000
2004  40.00000 30.00000 50.00000 80.00000 120.00000 160.00000 180.00000 210.00000 230.00000 250.00000 270.00000 330.00000
2005  20.00000 30.00000 40.00000 70.00000 120.00000 150.00000 170.00000 180.00000 220.00000 240.00000 250.00000 300.00000
2006  30.00000 30.00000 50.00000 60.00000 90.00000 130.00000 140.00000 170.00000 190.00000 230.00000 250.00000 330.00000
2007  30.00000 50.00000 60.00000 70.00000 90.00000 110.00000 160.00000 190.00000 230.00000 220.00000 240.00000 300.00000
2008  20.00000 50.00000 60.00000 80.00000 100.00000 130.00000 150.00000 170.00000 200.00000 210.00000 230.00000 320.00000
2009  20.00000 30.00000 60.00000 90.00000 110.00000 130.00000 150.00000 170.00000 180.00000 210.00000 240.00000 360.00000
2010  20.00000 40.00000 60.00000 80.00000 110.00000 140.00000 160.00000 180.00000 190.00000 200.00000 240.00000 380.00000
2011  35.00000 60.00000 68.00000 84.00000 110.00000 137.00000 174.00000 186.00000 194.00000 231.00000 279.00000 374.00000
2012  23.00000 34.00000 65.00000 102.00000 131.00000 162.00000 184.00000 194.00000 213.00000 237.00000 281.00000 366.00000
$wt_ind_1
1992  30.00000 30.00000 40.00000 70.00000 100.00000 130.00000 150.00000 170.00000 190.00000 200.00000 230.00000 300.00000
1993  20.00000 30.00000 40.00000 70.00000 90.00000 130.00000 170.00000 210.00000 240.00000 240.00000 250.00000 300.00000
1994  40.00000 40.00000 60.00000 70.00000 90.00000 130.00000 160.00000 190.00000 230.00000 250.00000 270.00000 340.00000
1995  40.00000 30.00000 60.00000 80.00000 100.00000 120.00000 160.00000 170.00000 200.00000 220.00000 230.00000 310.00000
1996  20.00000 50.00000 70.00000 90.00000 110.00000 140.00000 170.00000 190.00000 220.00000 240.00000 260.00000 310.00000
1997  30.00000 30.00000 50.00000 70.00000 110.00000 140.00000 170.00000 200.00000 240.00000 260.00000 260.00000 360.00000
1998  30.00000 30.00000 40.00000 70.00000 100.00000 130.00000 170.00000 210.00000 170.00000 240.00000 250.00000 350.00000
1999  20.00000 40.00000 60.00000 80.00000 110.00000 140.00000 160.00000 190.00000 220.00000 250.00000 270.00000 360.00000
2000  20.00000 30.00000 50.00000 90.00000 110.00000 130.00000 160.00000 190.00000 220.00000 240.00000 250.00000 310.00000
2001  20.00000 30.00000 70.00000 80.00000 90.00000 130.00000 160.00000 180.00000 200.00000 230.00000 240.00000 310.00000
2002  30.00000 30.00000 40.00000 70.00000 100.00000 120.00000 150.00000 170.00000 200.00000 230.00000 250.00000 310.00000
2003  20.00000 30.00000 50.00000 60.00000 90.00000 120.00000 150.00000 180.00000 200.00000 230.00000 250.00000 310.00000
2004  40.00000 30.00000 50.00000 80.00000 120.00000 160.00000 180.00000 210.00000 230.00000 250.00000 270.00000 330.00000
2005  20.00000 30.00000 40.00000 70.00000 120.00000 150.00000 170.00000 180.00000 220.00000 240.00000 250.00000 300.00000
2006  30.00000 30.00000 50.00000 60.00000 90.00000 130.00000 140.00000 170.00000 190.00000 230.00000 250.00000 330.00000
2007  30.00000 50.00000 60.00000 70.00000 90.00000 110.00000 160.00000 190.00000 230.00000 220.00000 240.00000 300.00000
2008  20.00000 50.00000 60.00000 80.00000 100.00000 130.00000 150.00000 170.00000 200.00000 210.00000 230.00000 320.00000
2009  20.00000 30.00000 60.00000 90.00000 110.00000 130.00000 150.00000 170.00000 180.00000 210.00000 240.00000 360.00000
2010  20.00000 40.00000 60.00000 80.00000 110.00000 140.00000 160.00000 180.00000 190.00000 200.00000 240.00000 380.00000
2011  35.00000 60.00000 68.00000 84.00000 110.00000 137.00000 174.00000 186.00000 194.00000 231.00000 279.00000 374.00000
2012  23.00000 34.00000 65.00000 102.00000 131.00000 162.00000 184.00000 194.00000 213.00000 237.00000 281.00000 366.00000
$EffN_Index_1
1992.00000 14.53679 5.38043 1.83087 2.57295 1.72129 0.74223 2.91951
1993.00000 77.65217 21.98656 2.33190 2.71738 1.80753 1.18872 3.47508
1994.00000 54.03453 13.67556 3.68151 2.95831 2.67441 1.99006 5.37296
1995.00000 63.69824 16.51189 2.59678 3.07985 1.96294 1.35531 3.83825
1996.00000 19.57887 6.44641 3.78068 2.82978 2.41431 2.25373 5.30763
1997.00000 19.18400 10.54130 2.96033 2.36076 1.94667 1.72916 4.19151
1998.00000 77.22556 5.02194 2.12959 2.64383 1.15240 1.40075 2.85843
1999.00000 50.86496 23.16483 2.75741 3.16283 1.95125 1.52334 3.99149
2000.00000 41.54218 7.95772 3.20993 3.92414 2.01475 1.93569 4.48417
2001.00000 3.80020 1.15218 6.30635 3.98314 2.49372 4.72918 7.88351
2002.00000 7.64242 2.21829 5.88972 3.62550 3.37231 3.75688 8.02255
2003.00000 36.23959 442.52752 3.50837 3.60259 1.98206 2.25481 4.76194
2004.00000 10.57205 2.65728 2.63674 3.62146 1.60520 1.62153 3.65196
2005.00000 14.46333 1.94789 1.61293 2.75598 1.59533 0.60395 2.62190
2006.00000 24.72556 2.45568 2.27597 3.15681 1.38033 1.40297 3.14897
2007.00000 12.72335 982.47463 3.71702 3.65518 1.93837 2.49109 4.94296
2008.00000 45.98669 11.11487 3.41798 4.10106 2.27730 1.97769 4.85827
2009.00000 26.46936 1.86627 2.49553 3.78142 1.75668 1.38451 3.60655
2010.00000 12.37228 88.88937 3.84097 3.56593 2.59309 2.20095 5.48098
2011.00000 29.56147 6.20214 2.43062 3.23889 2.01292 1.15753 3.70370
