$Yr
1992 1993 1994 1995 1996 1997 1998 1999 2000 2001 2002 2003 2004 2005 2006 2007 2008 2009 2010 2011 2012 2013 2014 
$TotF
 0.00975356 0.0647191 0.126382 0.158086 0.120078 0.0683911 0.0595935 0.0755339 0.0755339 0.0755339 0.0755339 0.0755339
 0.0103132 0.0684323 0.133634 0.167156 0.126967 0.072315 0.0630127 0.0798677 0.0798677 0.0798677 0.0798677 0.0798677
 0.00840461 0.0557682 0.108903 0.136222 0.103471 0.0589324 0.0513515 0.0650873 0.0650873 0.0650873 0.0650873 0.0650873
 0.00800802 0.0531367 0.103765 0.129794 0.0985883 0.0561515 0.0489284 0.0620161 0.0620161 0.0620161 0.0620161 0.0620161
 0.00580001 0.0384856 0.0751541 0.0940068 0.071405 0.0406692 0.0354376 0.0449167 0.0449167 0.0449167 0.0449167 0.0449167
 0.00803585 0.0533214 0.104125 0.130245 0.0989309 0.0563467 0.0490985 0.0622316 0.0622316 0.0622316 0.0622316 0.0622316
 0.0301346 0.114527 0.151057 0.135761 0.120845 0.0878998 0.0825684 0.0855826 0.0855826 0.0855826 0.0855826 0.0855826
 0.0185555 0.0705207 0.0930141 0.0835956 0.0744111 0.0541247 0.0508419 0.0526979 0.0526979 0.0526979 0.0526979 0.0526979
 0.0190409 0.0723653 0.0954471 0.0857823 0.0763576 0.0555404 0.0521718 0.0540763 0.0540763 0.0540763 0.0540763 0.0540763
 0.0189047 0.0718478 0.0947645 0.0851688 0.0758114 0.0551432 0.0517986 0.0536896 0.0536896 0.0536896 0.0536896 0.0536896
 0.0184611 0.0701621 0.0925412 0.0831706 0.0740328 0.0538495 0.0505834 0.05243 0.05243 0.05243 0.05243 0.05243
 0.0154997 0.0589071 0.0776963 0.0698289 0.0621569 0.0452113 0.0424691 0.0440195 0.0440195 0.0440195 0.0440195 0.0440195
 0.0168835 0.0641661 0.0846327 0.0760629 0.067706 0.0492475 0.0462605 0.0479493 0.0479493 0.0479493 0.0479493 0.0479493
 0.0174684 0.0663892 0.0875648 0.0786982 0.0700517 0.0509537 0.0478633 0.0496106 0.0496106 0.0496106 0.0496106 0.0496106
 0.019511 0.074152 0.0978037 0.0879002 0.0782428 0.0569117 0.0534599 0.0554114 0.0554114 0.0554114 0.0554114 0.0554114
 0.0188183 0.0715195 0.0943316 0.0847797 0.0754651 0.0548913 0.051562 0.0534443 0.0534443 0.0534443 0.0534443 0.0534443
 0.0196406 0.0746448 0.0984537 0.0884845 0.0787628 0.05729 0.0538152 0.0557797 0.0557797 0.0557797 0.0557797 0.0557797
 0.0226066 0.0859171 0.113321 0.101847 0.0906569 0.0659414 0.0619419 0.0642031 0.0642031 0.0642031 0.0642031 0.0642031
 0.0229326 0.087156 0.114955 0.103315 0.0919642 0.0668923 0.0628351 0.0651289 0.0651289 0.0651289 0.0651289 0.0651289
 0.0148027 0.056258 0.0742022 0.0666887 0.0593617 0.0431781 0.0405592 0.0420399 0.0420399 0.0420399 0.0420399 0.0420399
 0.0151032 0.0574002 0.0757087 0.0680426 0.0605669 0.0440547 0.0413827 0.0428934 0.0428934 0.0428934 0.0428934 0.0428934
 0.0148015 0.0562535 0.0741963 0.0666833 0.0593569 0.0431746 0.040556 0.0420365 0.0420365 0.0420365 0.0420365 0.0420365
 0.0109716 0.0416979 0.0549979 0.0494289 0.0439982 0.0320031 0.0300621 0.0311595 0.0311595 0.0311595 0.0311595 0.0311595
$natmort
 0.9 0.6 0.4 0.3 0.2 0.15 0.15 0.15 0.15 0.15 0.15 0.15
$TotBiom_NoFish
1992 726433 148129 485154 1.08771e+06
1993 727341 147018 487444 1.08531e+06
1994 723039 144373 486876 1.07376e+06
1995 765733 149845 519635 1.12838e+06
1996 992873 186044 684763 1.43962e+06
1997 1.02087e+06 188956 707217 1.47363e+06
1998 957928 176726 664397 1.38114e+06
1999 934355 171956 648617 1.34597e+06
2000 949562 174310 659776 1.36663e+06
2001 1.00722e+06 184301 700644 1.44794e+06
2002 1.0044e+06 183159 699533 1.44214e+06
2003 1.02526e+06 187304 713593 1.47304e+06
2004 1.0624e+06 195112 738059 1.52927e+06
2005 1.04375e+06 192447 724077 1.50457e+06
2006 995084 183530 690236 1.43457e+06
2007 985984 182332 683274 1.4228e+06
2008 984677 184822 678689 1.42862e+06
2009 977659 187068 669085 1.42854e+06
2010 981671 192992 665000 1.44914e+06
2011 1.12886e+06 237456 744568 1.71149e+06
2012 1.34831e+06 306195 861018 2.11139e+06
2013 1.33732e+06 312861 842815 2.12196e+06
2014 1.25615e+06 298896 785604 2.00854e+06
$SSB_NoFishR
1992 0.996359 0.000943925 0.994473 0.998249
1993 0.911787 0.0204191 0.871855 0.953548
1994 0.829971 0.0369405 0.759317 0.907201
1995 0.771649 0.0477249 0.681947 0.87315
1996 0.726982 0.0553201 0.624487 0.8463
1997 0.708492 0.0575291 0.602451 0.833198
1998 0.700517 0.0571233 0.595261 0.824385
1999 0.658064 0.0638866 0.542177 0.798722
2000 0.631299 0.0679412 0.509361 0.782429
2001 0.607844 0.0713306 0.481073 0.76802
2002 0.59008 0.0739503 0.459707 0.757427
2003 0.57879 0.0758192 0.445885 0.75131
2004 0.571577 0.0771606 0.436866 0.747828
2005 0.567738 0.0780009 0.431888 0.74632
2006 0.56719 0.0785132 0.43059 0.747124
2007 0.556428 0.0810303 0.416469 0.743422
2008 0.542723 0.0839755 0.399002 0.738211
2009 0.530416 0.0869039 0.383043 0.73449
2010 0.520167 0.0899275 0.369048 0.733165
2011 0.511397 0.0930688 0.356426 0.733747
2012 0.518594 0.0936444 0.362443 0.74202
2013 0.548733 0.0913424 0.394241 0.763765
2014 0.590321 0.0878566 0.439061 0.793692
$TotBiom
1992 726433 148129 485154 1.08771e+06
1993 682546 146823 446065 1.0444e+06
1994 633389 144094 404163 992623
1995 641985 149537 405388 1.01667e+06
1996 839492 185701 542212 1.29976e+06
1997 849870 188576 548193 1.31756e+06
1998 755362 176343 476500 1.19742e+06
1999 682085 171533 415664 1.11927e+06
2000 674821 173847 406451 1.12039e+06
2001 700212 183781 417870 1.17332e+06
2002 672514 182651 394440 1.14662e+06
2003 682796 186888 398869 1.16883e+06
2004 717690 194797 421075 1.22325e+06
2005 695196 192171 404029 1.1962e+06
2006 634761 183374 360328 1.11821e+06
2007 605229 182466 335528 1.09172e+06
2008 607849 185059 335114 1.10255e+06
2009 605093 187415 330318 1.10844e+06
2010 608016 193518 326667 1.13169e+06
2011 755370 238131 408128 1.39805e+06
2012 984350 306933 535267 1.81021e+06
2013 975085 313565 520675 1.82607e+06
2014 886782 299613 459457 1.71155e+06
$SSB_fut_1
2015 280182 101463 138846 565388
2016 280597 99778.7 140723 559502
2017 266926 94031.3 134683 529017
2018 244721 85880 123784 483815
2019 221111 77571.3 111863 437053
2020 197760 69498 99939.4 391328
2021 177411 62515.2 89500.2 351673
2022 167664 59117.5 84548.8 332486
2023 156467 55161.3 78909.5 310251
2024 135990 48083.1 68453.1 270161
$SSB_fut_2
2015 279867 101357 138683 564779
2016 272626 97078.8 136602 544099
2017 257340 90446 130039 509262
2018 237837 83024.5 120710 468613
2019 218079 75997.8 110804 429216
2020 199653 69769.5 101262 393648
2021 184564 64897.4 93236.8 365350
2022 178203 62820.4 89874.9 353337
2023 170408 60270.5 85760.8 338602
2024 154782 55430.8 77267.5 310060
$SSB_fut_3
2015 279667 101290 138579 564396
2016 267692 95424.9 134035 534627
2017 248542 87529.3 125431 492488
2018 226311 79239.3 114639 446766
2019 204672 71635.5 103702 403949
2020 184962 65023 93451 366085
2021 168928 59871 84902.6 336112
2022 161204 57399.8 80775.8 321715
2023 152410 54573.2 76090.4 305278
2024 137075 49847.3 67741.1 277374
$SSB_fut_4
2015 279185 101121 138336 563444
2016 256167 91388.7 128199 511874
2017 228582 80619.1 115247 453370
2018 200830 70494.6 101567 397105
2019 175732 61778.4 88786.8 347817
2020 153958 54509.2 77430.3 306122
2021 136616 48933.1 68191.4 273699
2022 126779 45798.8 62927.5 255419
2023 116669 42572.6 57525.4 236621
2024 102527 38234.5 49820.6 210993
$SSB_fut_5
2015 280954 101731 139239 566904
2016 301098 106904 151155 599780
2017 311032 108767 157681 613521
2018 311774 108000 159016 611280
2019 308142 106098 157768 601842
2020 302780 103931 155325 590219
2021 299107 102554 153550 582642
2022 308241 105102 158792 598345
2023 314460 106675 162517 608459
2024 302906 102924 156385 586706
$Catch_fut_1
2015 43588.6
2016 35401.6
2017 28404.6
2018 24430.9
2019 21485.8
2020 19141.2
2021 17207.2
2022 16261.8
2023 15175.7
2024 13189.7
$Catch_fut_2
2015 61296.8
2016 51400.8
2017 43757.8
2018 39477.1
2019 36360.1
2020 33792.9
2021 31740.3
2022 30840.4
2023 29751.6
2024 27600.8
$Catch_fut_3
2015 71975.8
2016 59345.6
2017 49819.8
2018 44414.4
2019 40477.9
2020 37259.6
2021 34697.2
2022 33432.6
2023 32004.5
2024 29534.4
$Catch_fut_4
2015 96985.1
2016 76789.1
2017 62356.1
2018 54055
2019 48061
2020 43257.7
2021 39484.7
2022 37305.4
2023 35077
2024 31976.8
$Catch_fut_5
2015 0
2016 0
2017 0
2018 0
2019 0
2020 0
2021 0
2022 0
2023 0
2024 0
$SSB
1981 343843 104804 189440 624093
1982 166091 50624.8 91507.7 301464
1983 163385 49265.7 90569.4 294742
1984 166635 48268.2 94453.2 293978
1985 169535 47612.7 97709.9 294159
1986 170609 46713.1 99647 292105
1987 171839 46119.1 101402 291203
1988 172680 45650.4 102679 290401
1989 172706 44995.3 103447 288334
1990 173582 44551 104743 287666
1991 175406 43954.2 107076 287339
1992 189659 45436.3 118245 304203
1993 198555 49304.8 121735 323854
1994 198618 51700.4 119020 331449
1995 197624 53520.5 116081 336451
1996 195346 54598.5 112872 338081
1997 199955 55933.1 115485 346210
1998 224231 61297.9 131074 383598
1999 228816 65113.6 130951 399818
2000 226993 66399.5 127977 402618
2001 230427 69096.9 128133 414388
2002 232088 71063 127537 422348
2003 229174 71334.7 124746 421021
2004 224942 70886.9 121563 416236
2005 222864 70831.8 119838 414463
2006 229872 73434.9 123231 428798
2007 233800 76486.1 123561 442391
2008 219886 74117.6 114093 423774
2009 206483 71740.1 105113 405610
2010 197748 70884.5 98655.3 396374
2011 190299 70462.8 92916.7 389744
2012 190316 70915.6 92529.6 391442
2013 210203 76987.6 103388 427372
2014 253129 91249.6 125818 509264
2015 280954 101731 139239 566904
$R
1992 4264.85 845.362 2880 6315.62
1993 3048.87 636.98 2016.53 4609.7
1994 3017.73 638.759 1985.35 4586.93
1995 4045.8 837.107 2686.37 6093.15
1996 10635 1998.93 7326.47 15437.6
1997 3568.16 732.234 2377.02 5356.18
1998 2240.85 490.752 1453.5 3454.72
1999 3404.57 715.802 2246.03 5160.72
2000 3099.08 672.311 2018.2 4758.84
2001 3729.16 810.015 2427.25 5729.39
2002 2073.07 491.507 1298.64 3309.33
2003 4073.27 904.101 2627.03 6315.7
2004 4352.07 970.858 2800.78 6762.58
2005 2628.96 622.052 1648.37 4192.88
2006 1307.36 346.378 776.536 2201.06
2007 1978.25 509.919 1191.19 3285.34
2008 3167.14 817.823 1905.41 5264.37
2009 2729.24 759.605 1580.48 4712.96
2010 3410.29 998.226 1922 6051.03
2011 8879.08 2591.87 5011.71 15730.8
2012 11548.8 3549.69 6332.34 21062.4
2013 4490.32 1623.06 2227.96 9050
2014 3306.23 1566.34 1344.25 8131.77
$N
1992  4264.85 2265.84 1146.72 344.647 165.245 147.6 116.193 93.1331 103.1 68.8269 122.664 358.953
1993  3048.87 1717.13 1165.59 677.412 217.987 119.983 118.642 94.2222 74.3286 82.2832 54.9301 384.373
1994  3017.73 1226.86 880.048 683.583 424.59 157.192 96.0662 95.8803 74.8726 59.0644 65.3854 349.087
1995  4045.8 1216.65 636.794 529.045 441.918 313.454 127.553 78.5461 77.3246 60.3826 47.6337 334.26
1996  10635 1631.78 633.156 384.784 344.219 327.844 255.061 104.544 63.54 62.5519 48.8466 308.934
1997  3568.16 4298.86 861.729 393.69 259.479 262.401 270.932 211.889 86.0294 52.2873 51.4742 294.419
1998  2240.85 1439.09 2236.76 520.513 256.036 192.432 213.477 222.02 171.371 69.5786 42.2888 279.75
1999  3404.57 884.017 704.326 1289.14 336.653 185.763 151.691 169.179 175.421 135.402 54.9748 254.446
2000  3099.08 1358.75 452.124 430.19 878.426 255.863 151.464 124.089 138.139 143.235 110.559 252.65
2001  3729.16 1236.23 693.641 275.478 292.494 666.323 208.326 123.739 101.182 112.639 116.794 296.161
2002  2073.07 1487.77 631.421 422.923 187.418 221.99 542.74 170.256 100.936 82.5361 91.8811 336.854
2003  4073.27 827.432 761.181 385.843 288.305 142.495 181.052 444.099 139.056 82.4388 67.4108 350.166
2004  4352.07 1630.6 428.127 472.093 266.561 221.819 117.225 149.353 365.778 114.532 67.9001 343.934
2005  2628.96 1739.8 839.273 263.693 324.119 203.954 181.747 96.3354 122.531 300.089 93.9634 337.874
2006  1307.36 1050.35 893.49 515.414 180.565 247.413 166.825 149.12 78.9035 100.359 245.788 353.696
2007  1978.25 521.265 535.244 543.12 349.698 136.708 201.17 136.113 121.43 64.252 81.7236 488.167
2008  3167.14 789.301 266.331 326.488 369.648 265.498 111.381 164.447 111.056 99.0769 52.4242 464.982
2009  2729.24 1262.62 402.021 161.788 221.386 279.72 215.792 90.8436 133.862 90.4013 80.6498 421.175
2010  3410.29 1084.82 635.891 240.611 108.249 165.546 225.393 174.578 73.3276 108.051 72.9705 405.066
2011  8879.08 1355.09 545.67 379.962 160.753 80.8402 133.267 182.183 140.787 59.1341 87.1364 385.506
2012  11548.8 3556.92 703.004 339.615 263.324 124.028 66.6394 110.145 150.351 116.187 48.8018 390.06
2013  4490.32 4625 1843.19 436.878 235.043 202.921 102.151 55.0319 90.8224 123.975 95.8047 361.872
2014  3306.23 1798.81 2399.41 1147.17 302.769 181.347 167.276 84.4276 45.4165 74.9536 102.314 377.71

$F_age_1
1992  0.00975356 0.0647191 0.126382 0.158086 0.120078 0.0683911 0.0595935 0.0755339 0.0755339 0.0755339 0.0755339 0.0755339 
1993  0.0103132 0.0684323 0.133634 0.167156 0.126967 0.072315 0.0630127 0.0798677 0.0798677 0.0798677 0.0798677 0.0798677 
1994  0.00840461 0.0557682 0.108903 0.136222 0.103471 0.0589324 0.0513515 0.0650873 0.0650873 0.0650873 0.0650873 0.0650873 
1995  0.00800802 0.0531367 0.103765 0.129794 0.0985883 0.0561515 0.0489284 0.0620161 0.0620161 0.0620161 0.0620161 0.0620161 
1996  0.00580001 0.0384856 0.0751541 0.0940068 0.071405 0.0406692 0.0354376 0.0449167 0.0449167 0.0449167 0.0449167 0.0449167 
1997  0.00803585 0.0533214 0.104125 0.130245 0.0989309 0.0563467 0.0490985 0.0622316 0.0622316 0.0622316 0.0622316 0.0622316 
1998  0.0301346 0.114527 0.151057 0.135761 0.120845 0.0878998 0.0825684 0.0855826 0.0855826 0.0855826 0.0855826 0.0855826 
1999  0.0185555 0.0705207 0.0930141 0.0835956 0.0744111 0.0541247 0.0508419 0.0526979 0.0526979 0.0526979 0.0526979 0.0526979 
2000  0.0190409 0.0723653 0.0954471 0.0857823 0.0763576 0.0555404 0.0521718 0.0540763 0.0540763 0.0540763 0.0540763 0.0540763 
2001  0.0189047 0.0718478 0.0947645 0.0851688 0.0758114 0.0551432 0.0517986 0.0536896 0.0536896 0.0536896 0.0536896 0.0536896 
2002  0.0184611 0.0701621 0.0925412 0.0831706 0.0740328 0.0538495 0.0505834 0.05243 0.05243 0.05243 0.05243 0.05243 
2003  0.0154997 0.0589071 0.0776963 0.0698289 0.0621569 0.0452113 0.0424691 0.0440195 0.0440195 0.0440195 0.0440195 0.0440195 
2004  0.0168835 0.0641661 0.0846327 0.0760629 0.067706 0.0492475 0.0462605 0.0479493 0.0479493 0.0479493 0.0479493 0.0479493 
2005  0.0174684 0.0663892 0.0875648 0.0786982 0.0700517 0.0509537 0.0478633 0.0496106 0.0496106 0.0496106 0.0496106 0.0496106 
2006  0.019511 0.074152 0.0978037 0.0879002 0.0782428 0.0569117 0.0534599 0.0554114 0.0554114 0.0554114 0.0554114 0.0554114 
2007  0.0188183 0.0715195 0.0943316 0.0847797 0.0754651 0.0548913 0.051562 0.0534443 0.0534443 0.0534443 0.0534443 0.0534443 
2008  0.0196406 0.0746448 0.0984537 0.0884845 0.0787628 0.05729 0.0538152 0.0557797 0.0557797 0.0557797 0.0557797 0.0557797 
2009  0.0226066 0.0859171 0.113321 0.101847 0.0906569 0.0659414 0.0619419 0.0642031 0.0642031 0.0642031 0.0642031 0.0642031 
2010  0.0229326 0.087156 0.114955 0.103315 0.0919642 0.0668923 0.0628351 0.0651289 0.0651289 0.0651289 0.0651289 0.0651289 
2011  0.0148027 0.056258 0.0742022 0.0666887 0.0593617 0.0431781 0.0405592 0.0420399 0.0420399 0.0420399 0.0420399 0.0420399 
2012  0.0151032 0.0574002 0.0757087 0.0680426 0.0605669 0.0440547 0.0413827 0.0428934 0.0428934 0.0428934 0.0428934 0.0428934 
2013  0.0148015 0.0562535 0.0741963 0.0666833 0.0593569 0.0431746 0.040556 0.0420365 0.0420365 0.0420365 0.0420365 0.0420365 
2014  0.0109716 0.0416979 0.0549979 0.0494289 0.0439982 0.0320031 0.0300621 0.0311595 0.0311595 0.0311595 0.0311595 0.0311595 


$Fshry_names
south_horse_mackerel

$Index_names
Bottom_Trawl

$Obs_Index_1
1992 26002.3 12466.2 7800.68
1993 31471.5 13682 9441.44
1994 14596.5 15498.6 4378.96
1995 18636.2 14245.1 5590.88
1996 8486.32 16055.8 2545.9
1997 22739.2 16324.4 6821.77
1998 7242.54 16857.8 2172.76
1999 10132.8 19417.4 3039.84
2000 7730.89 16291.1 2319.27
2001 8493.87 15194.1 2548.16
2002 8920.29 10926 2676.09
2003 4360.41 10771.7 1308.12
2004 16311.7 12927.2 4893.51
2005 68657.3 17829.1 20597.2
2006 20167 16860.2 6050.09
2007 9847.1 16333.2 2954.13
2008 12141.7 12494.8 3642.52
2009 18097.4 11610.9 5429.23
2010 21463.9 11990.8 6439.17
2011 6799.21 14173.6 2039.76
2012 -1  16958.8 -1 
2013 64038.5 21913.7 19211.5
2014 27810.6 35812.7 8343.17


$Index_Q
 0.0604886

$pobs_fsh_1
1992  0.0320348 0.260971 0.399555 0.111687 0.0333688 0.0249551 0.0137566 0.0188202 0.0141329 0.0130544 0.0383099 0.039354
1993  0.0156674 0.160085 0.331454 0.243024 0.0856327 0.032319 0.0312816 0.0253739 0.01595 0.0134227 0.0108728 0.0349167
1994  0.0383517 0.190747 0.2616 0.290366 0.0867635 0.0230101 0.0132687 0.0103567 0.0157128 0.014584 0.0182421 0.0369969
1995  0.0311352 0.238501 0.134647 0.224073 0.121441 0.0474138 0.0172409 0.0135205 0.0117137 0.0144376 0.0108938 0.134983
1996  0.33531 0.0664245 0.0674997 0.1354 0.163376 0.0474712 0.0318241 0.0216675 0.020048 0.0264954 0.0159172 0.0685658
1997  0.0100543 0.587238 0.223121 0.0521676 0.0341378 0.0256232 0.0154704 0.0142559 0.00782947 0.00768899 0.00482162 0.017591
1998  0.037852 0.158482 0.529739 0.113039 0.031002 0.018693 0.0160415 0.0340705 0.0210757 0.011043 0.0102599 0.0187025
1999  0.189019 0.109019 0.0959771 0.244067 0.157189 0.0574476 0.0506408 0.0276429 0.0152777 0.0175282 0.00905504 0.0271372
2000  0.0481851 0.286979 0.0926478 0.163751 0.14152 0.0733539 0.0678865 0.0476819 0.0311429 0.0205666 0.0122906 0.013994
2001  0.32197 0.235524 0.0951692 0.0733813 0.072217 0.0511279 0.0468574 0.0455559 0.0298198 0.0100758 0.00615797 0.0121436
2002  0.062154 0.318119 0.284343 0.0892406 0.0443515 0.0384035 0.0345835 0.0421252 0.0342256 0.0253571 0.0121564 0.01494
2003  0.201966 0.0344551 0.185424 0.144081 0.110642 0.0645255 0.0744178 0.0685211 0.0536334 0.0327529 0.017813 0.0117687
2004  0.025021 0.446756 0.204549 0.0642759 0.0293413 0.0478683 0.0417026 0.0524215 0.0371438 0.0136571 0.0185247 0.0187391
2005  0.0738981 0.380022 0.172997 0.08541 0.0628648 0.0398554 0.0393092 0.0278752 0.0320852 0.0261785 0.0193482 0.0401566
2006  0.011522 0.320364 0.321517 0.0784454 0.0233206 0.0456032 0.0411586 0.0208654 0.0252755 0.0279321 0.0309669 0.0530295
2007  0.0166053 0.0945054 0.159245 0.255307 0.118188 0.0471235 0.0256661 0.0205086 0.0343915 0.0273307 0.0284529 0.172676
2008  0.207738 0.232589 0.137194 0.120477 0.0713492 0.0308902 0.0205319 0.0157161 0.0196631 0.017068 0.0194793 0.107303
2009  0.102013 0.385241 0.146203 0.0382563 0.0440818 0.0323012 0.0148355 0.0129014 0.0125879 0.0161443 0.0191036 0.176331
2010  0.268205 0.337591 0.112201 0.0578979 0.0396419 0.0250485 0.012732 0.0130443 0.00811441 0.00883863 0.00985028 0.106835
2011  0.401319 0.108693 0.0979667 0.0890726 0.0702368 0.0336028 0.0199423 0.0163907 0.0134651 0.0245075 0.0216542 0.103149
2012  0.478314 0.282534 0.0712885 0.0331153 0.0344997 0.0182436 0.0126212 0.0103703 0.00647613 0.00763151 0.010371 0.0345343
2013  0.0994511 0.342593 0.303925 0.0846414 0.0484583 0.0268259 0.0113313 0.00998608 0.00866426 0.00766457 0.00690144 0.0495573
2014  0.0890279 0.202666 0.349715 0.14799 0.0730509 0.0218335 0.00976613 0.0113567 0.00738788 0.00837311 0.00992269 0.06891

$phat_fsh_1
1992  0.0731084 0.286722 0.301592 0.116994 0.0454481 0.0242717 0.01672 0.0168565 0.0186605 0.0124572 0.0222013 0.0649682
1993  0.0509839 0.211667 0.29813 0.223438 0.058309 0.0192154 0.0166308 0.0166053 0.0130993 0.0145012 0.00968061 0.06774
1994  0.0544784 0.164056 0.245567 0.246721 0.123882 0.0273311 0.0146079 0.0183574 0.0143352 0.0113085 0.0125188 0.0668367
1995  0.0791036 0.176378 0.192868 0.207385 0.139946 0.0590961 0.0210277 0.0163089 0.0160552 0.0125375 0.00989038 0.0694038
1996  0.18384 0.210323 0.171626 0.13547 0.0975397 0.0550056 0.0373838 0.0193325 0.01175 0.0115673 0.00903283 0.0571288
1997  0.0488211 0.436088 0.182615 0.107975 0.0574947 0.0346168 0.0312537 0.030785 0.0124991 0.00759673 0.00747859 0.0427756
1998  0.0737711 0.197642 0.435935 0.096129 0.0444183 0.0252621 0.0263925 0.0284097 0.0219286 0.00890327 0.00541126 0.0357968
1999  0.136115 0.149607 0.170343 0.294791 0.0721548 0.0299539 0.0230127 0.026579 0.0275595 0.0212724 0.00863683 0.0399749
2000  0.132614 0.245967 0.11693 0.105205 0.201367 0.0441376 0.0245835 0.0208564 0.0232179 0.0240744 0.0185823 0.0424644
2001  0.164135 0.230221 0.184565 0.06931 0.0689796 0.118243 0.0347826 0.0213945 0.0174944 0.0194752 0.0201937 0.0512062
2002  0.0957705 0.290972 0.176491 0.111769 0.0464224 0.0413659 0.0951506 0.0309106 0.0183253 0.0149847 0.0166813 0.0611569
2003  0.189229 0.163345 0.215147 0.103055 0.0721297 0.0267795 0.0320043 0.0813075 0.0254589 0.0150933 0.0123419 0.06411
2004  0.185603 0.294987 0.110799 0.115482 0.0610953 0.0382169 0.018999 0.0250693 0.0613966 0.0192244 0.0113972 0.05773
2005  0.111414 0.312535 0.215602 0.0640359 0.0737569 0.0348983 0.0292558 0.0160597 0.0204266 0.0500265 0.0156642 0.0563255
2006  0.064321 0.21848 0.265446 0.144806 0.0475566 0.0490481 0.0311178 0.0288036 0.0152408 0.0193851 0.0474757 0.068319
2007  0.114901 0.128117 0.187972 0.180353 0.108845 0.0320168 0.0443273 0.0310588 0.0277085 0.0146613 0.018648 0.111392
2008  0.18688 0.196875 0.0948729 0.109987 0.116741 0.0631167 0.0249143 0.0380911 0.0257242 0.0229493 0.0121431 0.107705
2009  0.154225 0.300477 0.136388 0.0519366 0.0666633 0.0634976 0.0461034 0.0200951 0.0296109 0.0199973 0.0178402 0.0931663
2010  0.184186 0.246644 0.206062 0.0737834 0.031139 0.0359059 0.0460112 0.0368981 0.0154982 0.0228372 0.0154227 0.0856129
2011  0.351982 0.228471 0.131782 0.0866995 0.0343542 0.0129729 0.0201146 0.028481 0.0220094 0.00924452 0.0136222 0.0602668
2012  0.301572 0.39489 0.111774 0.0510205 0.0370527 0.013107 0.00662372 0.0113394 0.0154786 0.0119615 0.00502414 0.0401566
2013  0.103819 0.454803 0.259622 0.0581411 0.0292966 0.0189926 0.00899239 0.00501774 0.00828107 0.0113039 0.00873535 0.032995
2014  0.0867952 0.201825 0.386529 0.174475 0.0430957 0.0193453 0.0167777 0.00877252 0.00471904 0.00778811 0.010631 0.0392462

$pobs_ind_1
1992  0 0.634862 0.203607 0.0712473 0.0325135 0.0129232 0.00882994 0.00931255 0.00491545 0.0041826 0.00841883 0.00918743
1993  0 0.339642 0.343994 0.212265 0.0498198 0.00651065 0.00470907 0.00649281 0.00595769 0.00861546 0.00519068 0.0168028
1994  0 0.049331 0.342024 0.311698 0.129743 0.0320412 0.0144768 0.0103602 0.00617496 0.00617496 0.00823328 0.0897427
1995  0 0.253351 0.362895 0.219939 0.0979567 0.0186179 0.00386264 0.00451929 0.0018927 0.000927035 0.00181544 0.034223
1996  0 0.104213 0.169576 0.274052 0.275364 0.0522378 0.0225751 0.0103688 0.0082688 0.0173251 0.00380627 0.0622129
1997  0 0.210123 0.347026 0.103525 0.168444 0.0976971 0.0201681 0.0175544 0.00854761 0.0104196 0.00416784 0.0123269
1998  0 0.21844 0.613977 0.0889172 0.032967 0.0182927 0.0101849 0.0117931 0.00268025 0.00087108 0.000469043 0.00140713
1999  0 0.176289 0.331404 0.390563 0.0327518 0.0112609 0.00658208 0.00245837 0.00269627 0.00785091 0.00919905 0.0289453
2000  0 0.177138 0.238248 0.267714 0.130245 0.0726898 0.0389819 0.0230452 0.0215547 0.0147902 0.00355423 0.0120385
2001  0 0.0361538 0.0673077 0.0528846 0.0730769 0.105385 0.129231 0.221538 0.146538 0.0703846 0.0467308 0.0507692
2002  0 0.0346752 0.116204 0.191306 0.152233 0.0783153 0.0296008 0.0267253 0.0669824 0.0593708 0.0771313 0.167456
2003  0 0.143368 0.143744 0.278269 0.247601 0.0709313 0.0387582 0.0250235 0.0158043 0.014111 0.00978363 0.0126058
2004  0 0.139866 0.497581 0.219168 0.0490412 0.0246745 0.0109518 0.0227833 0.0280612 0.00475018 0.00211119 0.00101161
2005  0 0.761944 0.122516 0.0418625 0.0206652 0.00899572 0.0105153 0.0106948 0.00826478 0.00434718 0.00261601 0.00757872
2006  0 0.211829 0.563425 0.140484 0.00841797 0.0269927 0.0194855 0.0160079 0.00654118 0.00364319 0.00179399 0.00138
2007  0 0.00666482 0.216051 0.34981 0.262797 0.0662779 0.0248079 0.016662 0.00601685 0.00657225 0.0142553 0.0300842
2008  0 0.16927 0.260819 0.150367 0.193095 0.133729 0.018669 0.00640525 0.00960787 0.0137479 0.00968599 0.034604
2009  0 0.266862 0.396541 0.145488 0.117803 0.0326205 0.00886731 0.00505557 0.00377162 0.00232717 0.0022068 0.0184568
2010  0 0.16418 0.17447 0.175756 0.244598 0.0768677 0.0247479 0.0328771 0.0211978 0.0203231 0.00807779 0.0569047
2011  0 0.393742 0.260323 0.188322 0.079679 0.0191927 0.00604862 0.00802606 0.00523438 0.00988717 0.0117483 0.0177969
2013  0 0.271716 0.582757 0.104439 0.0254819 0.00285541 0.00184337 0.00187048 0.00148192 0.00160843 0.00114759 0.00479818
2014  0 0.216064 0.16668 0.385579 0.136853 0.024281 0.00751849 0.00665571 0.00431389 0.00505341 0.007765 0.0392358

$phat_ind_1
1992  0.0255983 0.292089 0.400752 0.118788 0.0471139 0.0239438 0.0125688 0.00987193 0.0109284 0.00729552 0.0130021 0.0380483
1993  0.017542 0.211659 0.388414 0.222308 0.0592797 0.0186082 0.0122745 0.0095452 0.00752988 0.00833573 0.00556471 0.038939
1994  0.018954 0.166498 0.325975 0.250585 0.128218 0.0268559 0.0109338 0.0107119 0.00836492 0.0065988 0.007305 0.0390008
1995  0.028503 0.185529 0.265566 0.218573 0.150221 0.0601824 0.01631 0.00986392 0.00971052 0.00758291 0.0059819 0.0419768
1996  0.0713747 0.239391 0.256852 0.155519 0.113692 0.0605963 0.0313477 0.012655 0.00769152 0.0075719 0.00591287 0.0373964
1997  0.0171816 0.448003 0.245564 0.111134 0.0602719 0.03443 0.023676 0.0181846 0.00738314 0.00448735 0.00441757 0.0252673
1998  0.00980585 0.132136 0.567971 0.135293 0.0540542 0.0227746 0.0168012 0.0172985 0.0133522 0.00542114 0.00329489 0.0217964
1999  0.018626 0.104118 0.231974 0.432594 0.0913437 0.0279735 0.0151656 0.0167599 0.0173782 0.0134137 0.00544612 0.0252069
2000  0.0223027 0.0930991 0.159047 0.241268 0.256292 0.0594789 0.0369453 0.0212393 0.0236441 0.0245163 0.0189234 0.0432439
2001  0.0288621 0.0911229 0.262532 0.166219 0.0918077 0.166618 0.0546594 0.0227819 0.0186289 0.0207381 0.0215032 0.0545268
2002  0.0163654 0.1122 0.233878 0.270071 0.11662 0.0777695 0.0866548 0.0188086 0.0111507 0.00911798 0.0101503 0.0372131
2003  0.0318999 0.0623126 0.282343 0.24645 0.179231 0.0497462 0.0287944 0.0488811 0.0153056 0.00907388 0.00741977 0.0385421
2004  0.0344118 0.123601 0.159632 0.30328 0.16676 0.0780213 0.0187873 0.016564 0.0405667 0.0127022 0.00753046 0.038144
2005  0.0619669 0.394969 0.260825 0.06398 0.0627171 0.0271099 0.0189396 0.0110939 0.0141106 0.034558 0.0108208 0.0389093
2006  0.0358389 0.276066 0.320849 0.144618 0.0404373 0.0381289 0.0201616 0.0199125 0.0105362 0.0134013 0.0328208 0.0472302
2007  0.0695417 0.175959 0.247016 0.195796 0.100593 0.027045 0.0312067 0.023331 0.0208143 0.0110134 0.0140082 0.0836763
2008  0.0356391 0.170237 0.148819 0.19539 0.199792 0.0811065 0.0196282 0.0275411 0.0185994 0.0165931 0.00877986 0.0778739
2009  0.0307793 0.271136 0.223025 0.0962422 0.119077 0.0852554 0.0379569 0.0151821 0.0223714 0.0151082 0.0134785 0.0703883
2010  0.0364825 0.220818 0.334283 0.13565 0.0551878 0.0478386 0.0375904 0.0276629 0.0116191 0.0171213 0.0115626 0.0641848
2011  0.0821659 0.242941 0.254629 0.189527 0.0722803 0.0204586 0.0194426 0.025269 0.0195273 0.00820198 0.0120859 0.0534702
2013  0.0187041 0.373235 0.387154 0.0980908 0.0475714 0.0231159 0.00670822 0.00343583 0.00567034 0.00774016 0.00598141 0.0225929
2014  0.0129033 0.137168 0.477984 0.243906 0.0579407 0.0194684 0.0103466 0.00496631 0.00267155 0.00440902 0.00601843 0.0222182


$Obs_catch_1
 27858.3 31521.3 28450.5 25132.2 20359.9 29490.9 41661.1 27767.7 26160.5 24911.4 22506 18887.1 24485.4 22689.2 23894.7 22787.3 22993.1 25726.5 27216.8 21874.5 24868.2 28988.4 29016.9

$Pred_catch_1
 27929.8 31726.7 28600.2 25191.8 20364.5 29406.3 41851 27774.3 26142.2 24820.7 22446.5 18858.3 24423.5 22654.1 23889.8 22794.7 22937.6 25662.9 27176.1 21866.4 24807.6 28955.7 29029.7

$F_fsh_1 
1992 0.0820561 0.158086 
1993 0.0867641 0.167156 
1994 0.0707075 0.136222 
1995 0.067371 0.129794 
1996 0.0487952 0.0940068 
1997 0.0676052 0.130245 
1998 0.0958923 0.151057 
1999 0.0590461 0.0930141 
2000 0.0605906 0.0954471 
2001 0.0601572 0.0947645 
2002 0.0587459 0.0925412 
2003 0.0493222 0.0776963 
2004 0.0537255 0.0846327 
2005 0.0555868 0.0875648 
2006 0.0620865 0.0978037 
2007 0.0598824 0.0943316 
2008 0.0624992 0.0984537 
2009 0.0719373 0.113321 
2010 0.0729746 0.114955 
2011 0.0471042 0.0742022 
2012 0.0480605 0.0757087 
2013 0.0471004 0.0741963 
2014 0.0349131 0.0549979 

$sel_fsh_1
1  1992  0.118864 0.788717 1.5402 1.92656 1.46336 0.833467 0.726253 0.920516 0.920516 0.920516 0.920516 0.920516
1  1993  0.118864 0.788717 1.5402 1.92656 1.46336 0.833467 0.726253 0.920516 0.920516 0.920516 0.920516 0.920516
1  1994  0.118864 0.788717 1.5402 1.92656 1.46336 0.833467 0.726253 0.920516 0.920516 0.920516 0.920516 0.920516
1  1995  0.118864 0.788717 1.5402 1.92656 1.46336 0.833467 0.726253 0.920516 0.920516 0.920516 0.920516 0.920516
1  1996  0.118864 0.788717 1.5402 1.92656 1.46336 0.833467 0.726253 0.920516 0.920516 0.920516 0.920516 0.920516
1  1997  0.118864 0.788717 1.5402 1.92656 1.46336 0.833467 0.726253 0.920516 0.920516 0.920516 0.920516 0.920516
1  1998  0.314254 1.19433 1.57528 1.41577 1.26022 0.916651 0.861054 0.892487 0.892487 0.892487 0.892487 0.892487
1  1999  0.314254 1.19433 1.57528 1.41577 1.26022 0.916651 0.861054 0.892487 0.892487 0.892487 0.892487 0.892487
1  2000  0.314254 1.19433 1.57528 1.41577 1.26022 0.916651 0.861054 0.892487 0.892487 0.892487 0.892487 0.892487
1  2001  0.314254 1.19433 1.57528 1.41577 1.26022 0.916651 0.861054 0.892487 0.892487 0.892487 0.892487 0.892487
1  2002  0.314254 1.19433 1.57528 1.41577 1.26022 0.916651 0.861054 0.892487 0.892487 0.892487 0.892487 0.892487
1  2003  0.314254 1.19433 1.57528 1.41577 1.26022 0.916651 0.861054 0.892487 0.892487 0.892487 0.892487 0.892487
1  2004  0.314254 1.19433 1.57528 1.41577 1.26022 0.916651 0.861054 0.892487 0.892487 0.892487 0.892487 0.892487
1  2005  0.314254 1.19433 1.57528 1.41577 1.26022 0.916651 0.861054 0.892487 0.892487 0.892487 0.892487 0.892487
1  2006  0.314254 1.19433 1.57528 1.41577 1.26022 0.916651 0.861054 0.892487 0.892487 0.892487 0.892487 0.892487
1  2007  0.314254 1.19433 1.57528 1.41577 1.26022 0.916651 0.861054 0.892487 0.892487 0.892487 0.892487 0.892487
1  2008  0.314254 1.19433 1.57528 1.41577 1.26022 0.916651 0.861054 0.892487 0.892487 0.892487 0.892487 0.892487
1  2009  0.314254 1.19433 1.57528 1.41577 1.26022 0.916651 0.861054 0.892487 0.892487 0.892487 0.892487 0.892487
1  2010  0.314254 1.19433 1.57528 1.41577 1.26022 0.916651 0.861054 0.892487 0.892487 0.892487 0.892487 0.892487
1  2011  0.314254 1.19433 1.57528 1.41577 1.26022 0.916651 0.861054 0.892487 0.892487 0.892487 0.892487 0.892487
1  2012  0.314254 1.19433 1.57528 1.41577 1.26022 0.916651 0.861054 0.892487 0.892487 0.892487 0.892487 0.892487
1  2013  0.314254 1.19433 1.57528 1.41577 1.26022 0.916651 0.861054 0.892487 0.892487 0.892487 0.892487 0.892487
1  2014  0.314254 1.19433 1.57528 1.41577 1.26022 0.916651 0.861054 0.892487 0.892487 0.892487 0.892487 0.892487


$sel_ind_1
1  1992  0.0402172 0.71145 1.72868 1.61514 1.1978 0.628798 0.416385 0.413197 0.413197 0.413197 0.413197 0.413197
1  1993  0.0402172 0.71145 1.72868 1.61514 1.1978 0.628798 0.416385 0.413197 0.413197 0.413197 0.413197 0.413197
1  1994  0.0402172 0.71145 1.72868 1.61514 1.1978 0.628798 0.416385 0.413197 0.413197 0.413197 0.413197 0.413197
1  1995  0.0402172 0.71145 1.72868 1.61514 1.1978 0.628798 0.416385 0.413197 0.413197 0.413197 0.413197 0.413197
1  1996  0.0402172 0.71145 1.72868 1.61514 1.1978 0.628798 0.416385 0.413197 0.413197 0.413197 0.413197 0.413197
1  1997  0.0402172 0.71145 1.72868 1.61514 1.1978 0.628798 0.416385 0.413197 0.413197 0.413197 0.413197 0.413197
1  1998  0.0402172 0.71145 1.72868 1.61514 1.1978 0.628798 0.416385 0.413197 0.413197 0.413197 0.413197 0.413197
1  1999  0.0402172 0.71145 1.72868 1.61514 1.1978 0.628798 0.416385 0.413197 0.413197 0.413197 0.413197 0.413197
1  2000  0.0371506 0.290962 1.29858 1.89818 0.905534 0.682154 0.713869 0.501683 0.501683 0.501683 0.501683 0.501683
1  2001  0.0371506 0.290962 1.29858 1.89818 0.905534 0.682154 0.713869 0.501683 0.501683 0.501683 0.501683 0.501683
1  2002  0.0336391 0.26401 1.12658 1.78117 1.59195 0.847835 0.385402 0.267056 0.267056 0.267056 0.267056 0.267056
1  2003  0.0336391 0.26401 1.12658 1.78117 1.59195 0.847835 0.385402 0.267056 0.267056 0.267056 0.267056 0.267056
1  2004  0.0336391 0.26401 1.12658 1.78117 1.59195 0.847835 0.385402 0.267056 0.267056 0.267056 0.267056 0.267056
1  2005  0.203497 1.60665 1.90907 1.36738 1.00062 0.65077 0.50895 0.56321 0.56321 0.56321 0.56321 0.56321
1  2006  0.203497 1.60665 1.90907 1.36738 1.00062 0.65077 0.50895 0.56321 0.56321 0.56321 0.56321 0.56321
1  2007  0.203497 1.60665 1.90907 1.36738 1.00062 0.65077 0.50895 0.56321 0.56321 0.56321 0.56321 0.56321
1  2008  0.0453814 0.716469 1.61453 1.58502 1.3124 0.700965 0.403253 0.383829 0.383829 0.383829 0.383829 0.383829
1  2009  0.0453814 0.716469 1.61453 1.58502 1.3124 0.700965 0.403253 0.383829 0.383829 0.383829 0.383829 0.383829
1  2010  0.0453814 0.716469 1.61453 1.58502 1.3124 0.700965 0.403253 0.383829 0.383829 0.383829 0.383829 0.383829
1  2011  0.0453814 0.716469 1.61453 1.58502 1.3124 0.700965 0.403253 0.383829 0.383829 0.383829 0.383829 0.383829
1  2012  0.0453814 0.716469 1.61453 1.58502 1.3124 0.700965 0.403253 0.383829 0.383829 0.383829 0.383829 0.383829
1  2013  0.0453814 0.716469 1.61453 1.58502 1.3124 0.700965 0.403253 0.383829 0.383829 0.383829 0.383829 0.383829
1  2014  0.0453814 0.716469 1.61453 1.58502 1.3124 0.700965 0.403253 0.383829 0.383829 0.383829 0.383829 0.383829


$Stock_Rec
1981 343843 1504.78 714.6
1982 166091 1452.97 2862.49
1983 163385 1451.37 1382.43
1984 166635 1453.29 1782.37
1985 169535 1454.94 1385.8
1986 170609 1455.54 1488.09
1987 171839 1456.22 1627.02
1988 172680 1456.67 1491.34
1989 172706 1456.69 2304.27
1990 173582 1457.16 5139.25
1991 175406 1458.13 5573.06
1992 189659 1465.1 4264.85
1993 198555 1468.97 3048.87
1994 198618 1468.99 3017.73
1995 197624 1468.58 4045.8
1996 195346 1467.61 10635
1997 199955 1469.55 3568.16
1998 224231 1478.5 2240.85
1999 228816 1479.99 3404.57
2000 226993 1479.41 3099.08
2001 230427 1480.5 3729.16
2002 232088 1481.02 2073.07
2003 229174 1480.11 4073.27
2004 224942 1478.74 4352.07
2005 222864 1478.05 2628.96
2006 229872 1480.33 1307.36
2007 233800 1481.55 1978.25
2008 219886 1477.04 3167.14
2009 206483 1472.15 2729.24
2010 197748 1468.63 3410.29
2011 190299 1465.39 8879.08
2012 190316 1465.39 11548.8
2013 210203 1473.57 4490.32
2014 253129 1487.02 3306.23

$stock_Rec_Curve
0 0
7110.08 583.739
14220.2 849.075
21330.2 1000.7
28440.3 1098.8
35550.4 1167.48
42660.5 1218.24
49770.6 1257.28
56880.7 1288.25
63990.7 1313.41
71100.8 1334.26
78210.9 1351.82
85321 1366.8
92431.1 1379.75
99541.2 1391.04
106651 1400.97
113761 1409.79
120871 1417.65
127981 1424.72
135092 1431.1
142202 1436.9
149312 1442.18
156422 1447.02
163532 1451.46
170642 1455.56
177752 1459.35
184862 1462.86
191972 1466.14
199082 1469.19
206192 1472.04
213302 1474.71


$Like_Comp
 0.033002 214.451 2.95351 53.1841 51.0799 11.1337 25.9366 0.00054618 11.0335 0 0.154831 369.961


$Like_Comp_names
catch_like     
age_like_fsh     
sel_like_fsh     
index_like        
age_like_ind     
sel_like_ind     
rec_like         
fpen             
post_priors_indq 
post_priors      
residual         
total            
$Sel_Fshry_1
 1.89403 0.998394 0.0610879 0

$Index_1
53.1841


$Age_Index_1
51.07991

$Sel_Index_1
9.96662 1.15259 0.01445


  $Rec_Pen
1.60000   12.44318 0.00000 4.70004 8.79339

$F_Pen
0.00055  0.00000

$Q_Index_1
 11.03352 0.06049 1.00000 0.20000
$Q_power_Index_1
 11.03352 1.00000 1.00000 0.20000

$M_prior
 0.00000 0.15000 0.15000 0.05000

$Steep
 0.00000 0.80000 0.80000 300.00000

$Sigmar
 0.00000 1.60000 1.60000 15.00000

$Num_parameters_Est
126

$Steep_Prior
0.80000 300.00000 -6 

$sigmarPrior 
1.60000 15.00000 -4

$Rec_estimated_in_styr_endyr 
1981 2014 

$SR_Curve_fit__in_styr_endyr 
1993 2011 

$Model_styr_endyr
1992 2014 

$M_prior 
0.15000 0.05000 -4

$qprior 
 1.00000  0.20000  4
$q_power_prior 
 1.00000  0.20000  -4

$cv_catchbiomass 
0.05000 

$Projection_years
10

$Fsh_sel_opt_fish 
1 1  1.00000 0.00000 0.00000 0.00000 0.00000 0.00000 0.80000 0.00000 0.00000 0.00000 0.00000 0.00000 0.00000 0.00000 0.00000 0.00000 0.00000 0.00000 0.00000 0.00000 0.00000 0.00000 0.00000

$Index_Sel_Opt
1 1

$Phase_index_Sel_Coffs 
 2

$Fshry_Selages 
 8

$Index_Selages 
 8

$Phase_for_age_spec_fishery
 2

$Phase_for_logistic_fishery
 -1

$Phase_for_dble_logistic_fishery 
 -1

$Phase_for_age_spec_index  
 2

$Phase_for_logistic_index  
 -1

$Phase_for_dble_logistic_indy 
 -1

$EffN_Fsh_1
1992 117.61981 3514.96624 2.91422 2.96042 2.73891 2.36644 3.46200
1993 111.42023 1472.08479 3.16271 3.10083 2.37448 2.68782 3.63761
1994 210.62146 79.52573 3.04561 3.32054 2.45176 2.55525 3.53596
1995 76.78688 39.12923 3.91834 3.38349 3.34566 3.24920 4.58747
1996 27.36794 172.65352 3.15334 2.90165 3.30712 2.49192 3.81476
1997 55.38218 10.37541 2.02082 2.64500 2.01056 1.61871 2.42293
1998 129.95655 3537.80567 2.68561 2.72254 2.19657 2.24630 3.12493
1999 44.96233 4115.73611 3.11555 3.07520 2.58811 2.59792 3.63317
2000 40.74694 201.05288 3.34855 3.17044 2.52555 2.84344 3.85366
2001 32.83014 11.10827 2.31495 3.11331 2.66086 1.78278 2.84712
2002 57.50300 30.34977 2.81425 3.28006 2.56617 2.30102 3.32749
2003 31.23132 86.70937 3.56032 3.25454 2.84742 2.99084 4.12981
2004 23.12503 255.88580 2.83400 3.00117 2.67420 2.29916 3.36884
2005 128.77103 1027.00513 2.99146 3.08319 2.93987 2.40348 3.57943
2006 60.64593 124.22901 3.25963 3.53025 3.01629 2.65637 3.86289
2007 53.40925 12.25641 4.88992 3.88937 3.50284 4.18935 5.59049
2008 129.85931 75.39521 3.22750 3.63377 3.52767 2.52197 3.93304
2009 59.42946 139.91404 3.68625 3.35058 3.97048 2.89216 4.48035
2010 55.49534 41.43670 2.60535 3.14405 3.46770 1.91181 3.29888
2011 48.86831 37.74567 2.93466 2.33290 3.69705 2.19525 3.67407
2012 48.88233 65.85059 1.50607 1.82781 2.61083 0.98391 2.02824
2013 113.23878 52.90986 2.42266 2.06798 2.57991 1.90668 2.93864
2014 195.33857 85.14529 2.87723 2.57536 2.78552 2.32013 3.43433
$C_fsh_1
1992  27.31438 107.12375 112.67940 43.71057 16.98011 9.06827 6.24683 6.29785 6.97184 4.65422 8.29476 24.27309
1993  20.64203 85.69812 120.70486 90.46399 23.60777 7.77980 6.73338 6.72302 5.30356 5.87115 3.91942 27.42613
1994  16.66367 50.18081 75.11335 75.46622 37.89259 8.35996 4.46822 5.61509 4.38481 3.45902 3.82921 20.44380
1995  21.29003 47.47058 51.90860 55.81583 37.66535 15.90519 5.65942 4.38938 4.32112 3.37435 2.66191 18.67942
1996  40.57149 46.41582 37.87591 29.89676 21.52591 12.13910 8.25017 4.26646 2.59309 2.55276 1.99344 12.60767
1997  18.84159 168.30004 70.47680 41.67109 22.18899 13.35970 12.06179 11.88089 4.82378 2.93181 2.88622 16.50842
1998  43.95880 117.77143 259.76552 57.28150 26.46805 15.05323 15.72682 16.92881 13.06686 5.30529 3.22447 21.33064
1999  41.32714 45.42354 51.71960 89.50449 21.90761 9.09459 6.98711 8.06990 8.36762 6.45872 2.62231 12.13716
2000  38.59494 71.58424 34.03048 30.61797 58.60409 12.84543 7.15456 6.06988 6.75713 7.00642 5.40805 12.35849
2001  46.11222 64.67845 51.85184 19.47201 19.37920 33.21937 9.77187 6.01059 4.91490 5.47138 5.67323 14.38592
2002  25.03752 76.06967 46.14039 29.22001 12.13634 10.81438 24.87548 8.08102 4.79082 3.91749 4.36104 15.98840
2003  41.35527 35.69838 47.01964 22.52222 15.76369 5.85257 6.99443 17.76947 5.56395 3.29858 2.69727 14.01101
2004  48.10234 76.45110 28.71546 29.92921 15.83391 9.90457 4.92392 6.49714 15.91202 4.98235 2.95377 14.96175
2005  30.05648 84.31361 58.16378 17.27518 19.89765 9.41463 7.89245 4.33247 5.51057 13.49584 4.22580 15.19512
2006  16.68014 56.65762 68.83715 37.55211 12.33268 12.71946 8.06967 7.46955 3.95234 5.02707 12.31171 17.71692
2007  24.35079 27.15150 39.83633 38.22170 23.06723 6.78523 9.39417 6.58220 5.87218 3.10713 3.95203 23.60701
2008  40.67464 42.84996 20.64914 23.93883 25.40869 13.73738 5.42261 8.29055 5.59889 4.99494 2.64296 23.44199
2009  40.29307 78.50333 35.63294 13.56908 17.41660 16.58952 12.04509 5.25009 7.73622 5.22453 4.66096 24.34085
2010  51.06677 68.38368 57.13199 20.45695 8.63349 9.95517 12.75693 10.23026 4.29698 6.33177 4.27606 23.73677
2011  86.11942 55.90013 32.24312 21.21278 8.40545 3.17408 4.92143 6.96844 5.38504 2.26186 3.33294 14.74548
2012  114.27266 149.63313 42.35379 19.33288 14.04014 4.96654 2.50989 4.29677 5.86521 4.53248 1.90376 15.21627
2013  43.54875 190.77577 108.90359 24.38840 12.28902 7.96679 3.77203 2.10479 3.47365 4.74162 3.66421 13.84039
2014  23.80686 55.35809 106.02025 47.85630 11.82062 5.30617 4.60191 2.40619 1.29438 2.13618 2.91594 10.76476
$wt_a_pop
 27.00000 67.00000 92.00000 101.00000 125.00000 164.00000 193.00000 202.00000 229.00000 240.00000 297.00000 436.00000
$mature_a
 0.00000 0.00000 0.18000 0.41000 0.47500 0.48500 0.49500 0.50000 0.50000 0.50000 0.50000 0.50000
$wt_fsh_1
1992  30.00000 30.00000 40.00000 70.00000 100.00000 130.00000 150.00000 170.00000 190.00000 200.00000 230.00000 300.00000
1993  20.00000 30.00000 40.00000 70.00000 90.00000 130.00000 170.00000 210.00000 240.00000 240.00000 250.00000 300.00000
1994  40.00000 40.00000 60.00000 70.00000 90.00000 130.00000 160.00000 190.00000 230.00000 250.00000 270.00000 340.00000
1995  40.00000 30.00000 60.00000 80.00000 100.00000 120.00000 160.00000 170.00000 200.00000 220.00000 230.00000 310.00000
1996  20.00000 50.00000 70.00000 90.00000 110.00000 140.00000 170.00000 190.00000 220.00000 240.00000 260.00000 310.00000
1997  30.00000 30.00000 50.00000 70.00000 110.00000 140.00000 170.00000 200.00000 240.00000 260.00000 260.00000 360.00000
1998  30.00000 30.00000 40.00000 70.00000 100.00000 130.00000 170.00000 210.00000 170.00000 240.00000 250.00000 350.00000
1999  20.00000 40.00000 60.00000 80.00000 110.00000 140.00000 160.00000 190.00000 220.00000 250.00000 270.00000 360.00000
2000  20.00000 30.00000 50.00000 90.00000 110.00000 130.00000 160.00000 190.00000 220.00000 240.00000 250.00000 310.00000
2001  20.00000 30.00000 70.00000 80.00000 90.00000 130.00000 160.00000 180.00000 200.00000 230.00000 240.00000 310.00000
2002  30.00000 30.00000 40.00000 70.00000 100.00000 120.00000 150.00000 170.00000 200.00000 230.00000 250.00000 310.00000
2003  20.00000 30.00000 50.00000 60.00000 90.00000 120.00000 150.00000 180.00000 200.00000 230.00000 250.00000 310.00000
2004  40.00000 30.00000 50.00000 80.00000 120.00000 160.00000 180.00000 210.00000 230.00000 250.00000 270.00000 330.00000
2005  20.00000 30.00000 40.00000 70.00000 120.00000 150.00000 170.00000 180.00000 220.00000 240.00000 250.00000 300.00000
2006  30.00000 30.00000 50.00000 60.00000 90.00000 130.00000 140.00000 170.00000 190.00000 230.00000 250.00000 330.00000
2007  30.00000 50.00000 60.00000 70.00000 90.00000 110.00000 160.00000 190.00000 230.00000 220.00000 240.00000 300.00000
2008  20.00000 50.00000 60.00000 80.00000 100.00000 130.00000 150.00000 170.00000 200.00000 210.00000 230.00000 320.00000
2009  20.00000 30.00000 60.00000 90.00000 110.00000 130.00000 150.00000 170.00000 180.00000 210.00000 240.00000 360.00000
2010  20.00000 40.00000 60.00000 80.00000 110.00000 140.00000 160.00000 180.00000 190.00000 200.00000 240.00000 380.00000
2011  35.00000 60.00000 68.00000 84.00000 110.00000 137.00000 174.00000 186.00000 194.00000 231.00000 279.00000 374.00000
2012  23.00000 34.00000 65.00000 102.00000 131.00000 162.00000 184.00000 194.00000 213.00000 237.00000 281.00000 366.00000
2013  45.00000 42.00000 51.00000 88.00000 131.00000 157.00000 180.00000 197.00000 213.00000 227.00000 258.00000 330.00000
2014  27.00000 67.00000 92.00000 101.00000 125.00000 164.00000 193.00000 202.00000 229.00000 240.00000 297.00000 436.00000
$wt_ind_1
1992  30.00000 30.00000 40.00000 70.00000 100.00000 130.00000 150.00000 170.00000 190.00000 200.00000 230.00000 300.00000
1993  20.00000 30.00000 40.00000 70.00000 90.00000 130.00000 170.00000 210.00000 240.00000 240.00000 250.00000 300.00000
1994  40.00000 40.00000 60.00000 70.00000 90.00000 130.00000 160.00000 190.00000 230.00000 250.00000 270.00000 340.00000
1995  40.00000 30.00000 60.00000 80.00000 100.00000 120.00000 160.00000 170.00000 200.00000 220.00000 230.00000 310.00000
1996  20.00000 50.00000 70.00000 90.00000 110.00000 140.00000 170.00000 190.00000 220.00000 240.00000 260.00000 310.00000
1997  30.00000 30.00000 50.00000 70.00000 110.00000 140.00000 170.00000 200.00000 240.00000 260.00000 260.00000 360.00000
1998  30.00000 30.00000 40.00000 70.00000 100.00000 130.00000 170.00000 210.00000 170.00000 240.00000 250.00000 350.00000
1999  20.00000 40.00000 60.00000 80.00000 110.00000 140.00000 160.00000 190.00000 220.00000 250.00000 270.00000 360.00000
2000  20.00000 30.00000 50.00000 90.00000 110.00000 130.00000 160.00000 190.00000 220.00000 240.00000 250.00000 310.00000
2001  20.00000 30.00000 70.00000 80.00000 90.00000 130.00000 160.00000 180.00000 200.00000 230.00000 240.00000 310.00000
2002  30.00000 30.00000 40.00000 70.00000 100.00000 120.00000 150.00000 170.00000 200.00000 230.00000 250.00000 310.00000
2003  20.00000 30.00000 50.00000 60.00000 90.00000 120.00000 150.00000 180.00000 200.00000 230.00000 250.00000 310.00000
2004  40.00000 30.00000 50.00000 80.00000 120.00000 160.00000 180.00000 210.00000 230.00000 250.00000 270.00000 330.00000
2005  20.00000 30.00000 40.00000 70.00000 120.00000 150.00000 170.00000 180.00000 220.00000 240.00000 250.00000 300.00000
2006  30.00000 30.00000 50.00000 60.00000 90.00000 130.00000 140.00000 170.00000 190.00000 230.00000 250.00000 330.00000
2007  30.00000 50.00000 60.00000 70.00000 90.00000 110.00000 160.00000 190.00000 230.00000 220.00000 240.00000 300.00000
2008  20.00000 50.00000 60.00000 80.00000 100.00000 130.00000 150.00000 170.00000 200.00000 210.00000 230.00000 320.00000
2009  20.00000 30.00000 60.00000 90.00000 110.00000 130.00000 150.00000 170.00000 180.00000 210.00000 240.00000 360.00000
2010  20.00000 40.00000 60.00000 80.00000 110.00000 140.00000 160.00000 180.00000 190.00000 200.00000 240.00000 380.00000
2011  35.00000 60.00000 68.00000 84.00000 110.00000 137.00000 174.00000 186.00000 194.00000 231.00000 279.00000 374.00000
2012  23.00000 34.00000 65.00000 102.00000 131.00000 162.00000 184.00000 194.00000 213.00000 237.00000 281.00000 366.00000
2013  45.00000 42.00000 51.00000 88.00000 131.00000 157.00000 180.00000 197.00000 213.00000 227.00000 258.00000 330.00000
2014  27.00000 67.00000 92.00000 101.00000 125.00000 164.00000 193.00000 202.00000 229.00000 240.00000 297.00000 436.00000
$EffN_Index_1
1992.00000 14.66798 4.95320 1.83087 2.60429 1.72129 0.74223 2.91951
1993.00000 78.07760 19.12007 2.33190 2.74527 1.80753 1.18872 3.47508
1994.00000 56.88648 14.79901 3.68151 2.98631 2.67441 1.99006 5.37296
1995.00000 63.31085 14.71020 2.59678 3.10858 1.96294 1.35531 3.83825
1996.00000 19.41003 6.79133 3.78068 2.85424 2.41431 2.25373 5.30763
1997.00000 18.60797 11.12442 2.96033 2.37668 1.94667 1.72916 4.19151
1998.00000 79.83489 4.82422 2.12959 2.65426 1.15240 1.40075 2.85843
1999.00000 53.42450 22.27024 2.75741 3.17089 1.95125 1.52334 3.99149
2000.00000 42.20444 8.45983 3.20993 3.90262 2.01475 1.93569 4.48417
2001.00000 3.61901 1.12295 6.30635 3.95310 2.49372 4.72918 7.88351
2002.00000 6.95745 2.13029 5.88972 3.57920 3.37231 3.75688 8.02255
2003.00000 36.98433 2355.74063 3.50837 3.54921 1.98206 2.25481 4.76194
2004.00000 10.72871 2.94409 2.63674 3.57226 1.60520 1.62153 3.65196
2005.00000 14.18930 2.38292 1.61293 2.64639 1.59533 0.60395 2.62190
2006.00000 27.00389 3.46966 2.27597 3.01701 1.38033 1.40297 3.14897
2007.00000 14.44346 62.42423 3.71702 3.47169 1.93837 2.49109 4.94296
2008.00000 51.25168 33.43028 3.41798 3.81185 2.27730 1.97769 4.85827
2009.00000 31.86254 3.27307 2.49553 3.46651 1.75668 1.38451 3.60655
2010.00000 13.22091 18.87864 3.84097 3.24416 2.59309 2.20095 5.48098
2011.00000 44.13437 15.32537 2.43062 2.94480 2.01292 1.15753 3.70370
2013.00000 42.20597 18.21833 1.98149 2.23534 1.08349 1.29623 2.66675
2014.00000 17.27862 23.90642 3.05592 2.61644 2.14879 1.69690 4.41493
