 # Natural Mortality       
0.15 0.15 0.15 0.15 0.15 0.15 0.15 0.15 0.15 0.15 0.15 0.15 
1.5  # Spawnmo                   
# Wt spawn
 27 67 92 101 125 164 193 202 229 240 297 436
# Wt fish
 27 67 92 101 125 164 193 202 229 240 297 436 
# Maturity
 0 0 0.18 0.41 0.475 0.485 0.495 0.5 0.5 0.5 0.5 0.5
# selectivity
 0.314254 1.19433 1.57528 1.41577 1.26022 0.916651 0.861054 0.892487 0.892487 0.892487 0.892487 0.892487 
Srec_Option 2
Alpha 7.61265
beta 0.00064241
steepness 0.8
Bzero 177752
Rzero 1459.35
