#Species name here:
Model_1.1_bog2014.dat
#SSL Species?
1
#Constant buffer of Dorn?
0
#Number of fisheries?
1
#Number of sexes?
1
#5year_Average_F(endyr-4,endyr_as_estimated_by_ADmodel)
0.000626566
#_Author_F_as_fraction_F_40%
1
#ABC SPR
0.4
#MSY SPR
0.35
#_Spawn_month
3
#_Number_of_ages
12
#_F_ratio(must_sum_to_one_only_one_fishery)
1
#_Natural_Mortality 4 5 6 7 8 9 10 11 12 13 14 15
0.302079 0.302079 0.302079 0.302079 0.302079 0.302079 0.302079 0.302079 0.302079 0.302079 0.302079 0.302079 
#_Maturity_divided_by_2(projection_program_uses_to_get_female_spawning_biomass_if_divide_by_2 4 5 6 7 8 9 10 11 12 13 14 15
 0.3 0.8 0.901 0.947 0.963 0.97 1 1 1 1 1 1
#_Wt_at_age_spawners 4 5 6 7 8 9 10 11 12 13 14 15
 0.45 0.5 0.74 0.86 1.02 1.13 1.22 1.33 1.4 1.48 1.5 1.47
#_Wt_at_age_fishery 4 5 6 7 8 9 10 11 12 13 14 15
 0.45 0.55 0.74265 0.861534 1.01813 1.12872 1.21873 1.32624 1.40299 1.48151 1.49862 1.47351
#
#_Selectivity_fishery_scaled_to_max_at_one_3_yr_avg  4 5 6 7 8 9 10 11 12 13 14 15
 0.287877 0.341727 0.43106 0.612623 0.765794 1 0.704431 0.528417 0.528417 0.528417 0.528417 0.528417
#_Numbers_at_age_end_year 4 5 6 7 8 9 10 11 12 13 14 15
 196881 124504 60812.1 31382.7 46091 22437.7 8979.65 4986.64 6285.25 17051.9 16034.6 12027.3
#_N_recruitment_years (not including last estimate)
33
#_Recruitment_start_at_1977_yearclass=1978_for_age_1_recruits 1981 1982 1983 1984 1985 1986 1987 1988 1989 1990 1991 1992 1993 1994 1995 1996 1997 1998 1999 2000 2001 2002 2003 2004 2005 2006 2007 2008 2009 2010 2011 2012 2013
 1.70647e+06 5.51326e+06 725277 509865 443920 729725 291106 323879 244134 211733 193648 184590 441353 208487 96835.9 113093 63534.4 42978.6 56994.5 111668 46193.1 52376.5 100083 329546 259186 70636.5 41420 55118 101766 154480 77724.2 111300 168430
#_Spawning biomass 
 242.27 246.439 251.536 258.135 286.065 415.416 701.844 987.179 1189.22 1594.97 1971.29 2056.69 1883.33 1710.45 1461.92 1125.01 931.712 767.712 561.129 361.478 337.941 331.244 315.802 286.429 254.956 221.605 190.137 167.373 149.106 132.271 119.183 128.087 154.092 171.784 167.95 154.11 142.291 138.416
